0 223 219 258 361
0 189 160 218 251
0 238 134 255 201
0 264 139 287 203
0 236 105 254 160
0 306 260 358 413
0 309 199 356 299
0 479 199 502 284
0 450 327 512 450
0 371 127 401 175
2 111 180 223 452
0 428 291 488 430
0 480 204 502 281
0 370 214 408 323
2 114 179 224 448
0 108 170 126 238
1 139 84 171 133
0 194 93 206 143
0 214 96 231 145
0 107 120 122 175
0 270 219 310 352
0 220 108 240 157
0 237 128 257 205
0 260 143 286 219
0 295 151 327 221
0 369 151 389 220
0 390 199 424 283
0 479 206 504 284
0 371 257 419 379
1 136 120 224 234
2 112 181 228 440
0 481 195 502 280
0 366 134 394 183
0 284 160 312 236
0 259 197 291 291
0 255 263 298 409
0 347 307 406 471
1 357 242 474 388
0 156 268 195 425
0 198 199 227 317
0 161 176 186 290
0 147 132 166 216
0 194 134 215 204
1 222 98 280 163
0 158 100 171 152
0 482 207 502 282
0 254 196 289 309
0 242 352 303 511
2 112 177 222 447
0 148 88 161 128
0 220 101 233 151
0 173 125 190 192
0 167 100 180 152
0 224 118 244 173
0 125 87 137 132
0 293 169 324 254
0 226 209 263 337
0 346 204 389 303
0 444 179 474 256
0 481 207 501 284
0 450 313 512 426
1 378 125 442 185
0 447 177 474 265
0 482 207 501 284
0 400 144 421 201
0 328 290 385 461
0 251 202 297 339
0 191 128 214 201
0 218 111 234 168
0 171 100 184 152
2 112 179 223 449
0 480 205 502 280
1 222 100 276 160
1 104 125 147 207
0 110 175 142 245
0 151 155 176 243
0 209 167 233 268
0 183 131 204 199
0 195 116 215 179
0 248 184 283 286
0 234 228 272 369
0 350 285 409 452
0 306 126 341 185
0 480 206 502 283
0 453 313 511 450
0 286 282 340 446
0 246 377 303 511
2 110 181 224 444
0 170 155 194 239
0 172 119 202 175
0 236 132 259 201
0 262 127 282 194
0 225 99 242 149
0 194 93 210 137
0 146 81 159 130
0 458 329 511 462
0 376 246 425 356
0 480 204 501 281
0 40 265 80 416
0 305 244 338 378
0 322 187 360 285
0 291 185 329 278
0 282 148 323 221
0 249 241 289 381
0 262 124 284 189
0 216 183 245 292
0 210 157 234 231
0 187 191 214 297
0 239 109 257 169
0 208 105 228 160
0 187 127 211 205
0 183 114 198 172
0 193 100 207 150
0 161 152 189 226
0 105 172 122 245
0 154 113 170 174
0 128 81 139 120
0 140 76 152 112
2 112 178 225 451
0 481 204 502 288
0 457 349 511 483
0 302 192 340 290
0 312 144 333 211
0 257 131 281 196
0 229 132 250 189
0 233 169 261 273
0 260 227 304 383
0 190 132 211 211
0 174 101 184 152
0 129 132 150 184
2 112 184 223 449
0 100 256 145 384
0 179 411 234 511
0 268 165 298 253
0 291 158 322 234
0 335 200 376 273
0 342 230 383 331
0 331 249 379 391
0 371 199 409 299
0 451 275 501 388
1 196 115 264 199
0 160 103 177 163
1 102 125 149 207
1 222 100 278 158
0 480 206 503 283
1 132 212 252 401
0 209 222 256 365
0 258 379 318 511
0 344 167 376 278
0 482 201 502 287
0 273 174 307 256
0 270 142 300 209
0 328 116 347 182
0 217 108 237 164
0 196 128 224 192
0 175 154 200 252
0 154 116 168 179
0 179 116 202 166
1 156 92 218 143
0 101 244 146 391
0 481 201 501 276
0 347 135 380 192
0 253 123 274 192
0 242 140 263 209
0 165 147 184 236
0 153 108 170 162
0 176 92 186 135
1 210 93 258 146
0 446 176 471 256
0 480 202 502 285
0 371 164 392 229
0 330 255 373 386
0 341 348 401 510
1 292 126 372 188
0 193 202 224 320
0 192 124 210 194
0 161 126 180 195
0 172 110 187 166
0 150 97 161 142
1 120 107 136 155
1 107 172 131 240
0 325 190 367 283
0 209 167 239 260
0 196 130 216 197
1 158 331 330 511
0 479 201 500 280
1 223 101 279 158
0 48 318 97 501
0 481 205 500 283
1 222 96 280 156
1 431 270 511 376
0 348 227 398 316
1 213 135 286 217
0 253 163 283 244
0 283 167 314 232
0 266 192 299 296
0 293 189 328 284
0 312 163 338 241
1 310 126 410 212
0 176 265 221 440
0 209 225 246 364
0 159 163 184 261
0 125 160 148 240
1 156 115 220 212
0 440 172 476 253
0 480 203 502 284
0 327 203 368 302
0 319 393 392 511
0 274 237 315 375
0 247 301 299 457
0 218 160 247 264
0 232 154 264 232
0 261 141 287 217
1 200 104 255 169
0 182 140 201 213
0 165 160 187 231
0 157 111 174 165
2 98 128 174 278
0 194 306 244 472
0 480 204 502 280
0 415 286 475 425
0 359 290 418 434
0 328 231 378 345
0 312 204 353 286
0 152 238 182 382
0 144 157 166 250
0 162 145 186 231
1 181 105 302 362
0 276 164 308 252
0 356 137 389 196
0 379 136 401 191
1 408 136 457 190
1 265 125 358 214
0 113 177 144 243
1 105 124 147 211
1 222 98 274 162
0 378 133 403 186
0 480 209 502 279
0 162 160 203 256
0 195 142 222 225
0 176 117 194 179
0 194 110 207 171
0 481 206 501 280
0 369 262 424 385
0 372 179 394 261
0 330 195 368 288
0 95 138 115 216
2 112 178 222 452
0 445 179 476 251
0 481 209 500 283
0 384 349 442 511
0 318 385 393 511
1 358 270 511 465
0 330 181 362 260
1 376 128 437 178
1 194 155 305 324
1 220 121 284 194
0 158 158 181 252
0 168 113 182 169
0 147 107 160 160
0 180 103 193 157
0 391 233 443 342
0 480 196 500 283
0 395 157 424 216
0 275 194 308 311
0 215 334 284 511
0 215 162 243 262
0 148 169 174 267
0 146 116 162 170
0 176 123 196 182
0 197 93 212 141
1 210 91 257 148
0 480 206 498 272
0 446 178 477 253
0 468 288 503 433
1 276 194 386 327
0 256 258 301 406
0 284 133 310 192
1 380 126 438 184
0 174 140 204 219
0 152 127 170 192
0 130 193 167 290
1 191 79 240 196
1 80 97 142 169
0 241 107 254 167
0 254 108 273 162
0 433 263 478 373
0 482 206 500 282
0 448 179 474 252
0 376 161 397 237
0 384 225 418 330
0 355 143 376 205
1 378 128 437 177
1 279 199 391 329
0 301 150 326 214
0 284 130 303 193
0 269 116 282 169
0 230 93 243 144
0 205 196 241 310
0 115 210 162 302
0 132 143 158 229
0 124 122 162 187
0 110 102 126 153
1 126 89 186 140
1 166 62 225 138
0 482 207 503 280
0 446 177 476 253
0 336 210 381 315
0 275 280 327 438
0 133 280 180 436
0 172 136 189 211
0 155 108 171 171
0 212 124 233 181
0 235 108 247 167
0 196 97 209 135
1 284 127 370 184
0 401 127 417 176
0 480 201 502 283
0 446 180 476 249
1 380 125 440 184
0 270 128 290 184
0 225 178 256 291
0 172 145 189 228
0 181 128 202 196
0 170 110 189 167
0 150 122 166 182
0 120 147 142 225
0 136 189 165 293
1 171 102 229 165
0 417 246 452 361
0 394 205 427 288
0 479 204 501 282
0 446 179 475 254
0 387 155 413 211
1 380 126 444 179
0 322 160 351 235
0 288 136 310 209
0 251 111 270 174
0 149 119 185 176
0 126 128 140 189
0 192 190 227 308
1 302 232 438 386
1 157 60 217 132
1 127 88 189 143
0 481 204 501 283
0 446 178 475 260
0 381 191 409 280
0 346 208 387 306
0 369 135 397 196
1 382 132 436 184
0 231 90 248 136
2 136 102 216 202
0 126 166 155 272
0 479 204 502 282
0 447 177 477 261
0 402 145 422 205
0 328 182 361 269
0 270 176 302 278
1 277 268 443 502
2 112 181 224 449
0 116 154 132 212
0 239 100 259 160
0 205 89 220 140
2 118 89 184 170
0 480 204 501 285
0 196 253 255 396
0 108 260 144 393
0 59 238 116 333
0 110 120 134 185
0 138 140 186 210
0 140 109 154 170
0 240 122 265 191
0 256 108 275 162
1 159 124 246 194
0 272 157 308 237
0 267 129 297 191
0 479 201 501 283
1 339 261 468 419
1 185 167 273 295
0 170 96 187 157
0 154 110 168 173
0 98 250 144 388
1 212 92 258 150
0 126 165 150 265
0 191 165 232 260
0 282 306 349 492
0 362 224 402 307
0 369 265 418 388
0 426 275 486 372
0 457 327 512 448
0 438 192 473 268
0 480 206 503 278
1 232 97 278 163
2 136 79 210 157
1 254 170 351 288
1 150 297 283 511
1 240 156 336 256
0 232 109 256 166
1 184 87 227 145
1 377 128 433 182
0 447 177 474 253
0 480 205 502 284
0 401 218 438 312
0 372 246 415 353
0 343 356 422 511
0 318 430 379 511
0 305 241 348 375
0 244 267 286 432
0 222 208 247 322
0 179 167 203 265
0 314 147 334 221
0 297 118 328 175
0 479 204 500 285
1 390 248 506 382
0 391 280 445 413
0 345 278 402 413
0 306 295 360 456
0 212 192 247 300
0 269 155 294 246
0 222 135 245 212
0 214 109 230 159
0 194 89 208 133
0 174 135 192 211
0 170 114 187 164
0 150 96 166 153
0 135 88 143 128
0 106 169 127 233
0 106 121 120 175
2 110 177 224 450
0 480 203 503 280
0 280 144 313 227
0 313 279 371 440
0 98 246 143 390
0 136 125 154 194
0 206 114 229 178
1 151 100 189 166
1 217 110 298 175
0 280 327 340 506
0 420 292 477 414
0 479 202 502 278
0 393 161 423 215
0 372 132 403 178
0 254 140 278 209
0 309 189 346 284
0 208 173 240 284
0 169 131 188 208
0 192 89 205 150
1 210 89 258 147
0 416 420 492 511
0 321 169 355 247
0 265 286 322 457
0 482 204 502 285
1 224 103 270 145
1 225 120 324 201
0 444 176 472 249
0 480 211 500 281
0 440 270 483 386
0 394 251 446 369
1 308 306 511 511
1 379 130 441 182
1 250 164 355 267
0 249 121 272 175
0 227 162 254 243
0 207 162 235 248
0 193 192 226 297
0 228 254 273 407
0 147 253 191 395
0 162 141 182 220
1 185 96 236 152
0 156 178 180 295
0 116 129 154 196
0 204 108 222 169
0 223 133 242 210
1 219 100 280 162
1 299 206 418 337
0 480 201 502 283
1 136 81 162 124
0 480 204 502 282
0 389 160 418 217
0 351 196 376 296
0 408 302 461 462
0 323 319 392 503
0 234 203 270 329
0 176 162 200 246
0 141 121 158 176
0 220 99 234 147
0 242 108 265 162
0 332 130 360 177
0 291 121 324 171
0 372 129 396 171
2 114 181 224 443
0 305 122 342 183
0 398 150 426 210
0 480 205 501 285
1 316 261 468 444
0 296 320 358 486
0 195 352 245 511
0 178 130 199 209
0 132 99 147 152
0 207 93 226 145
0 242 93 255 143
0 442 191 473 272
0 480 203 503 285
0 431 277 480 386
0 347 169 382 245
0 339 236 399 347
0 311 269 361 412
0 244 229 282 360
0 242 187 289 292
0 287 176 321 260
0 283 147 308 207
0 256 128 281 192
0 245 121 266 173
0 212 158 248 241
0 167 152 197 237
0 125 140 151 217
0 147 130 171 204
2 157 83 222 165
1 118 245 229 482
1 222 96 278 159
0 386 130 411 177
0 294 160 324 251
0 261 164 296 251
0 168 149 189 228
0 146 120 166 185
0 185 123 203 192
0 248 144 285 202
0 340 220 385 336
0 430 359 494 507
0 292 361 365 512
0 251 253 301 394
0 480 205 502 280
1 222 100 276 160
1 104 125 147 207
1 195 115 246 189
0 48 322 98 502
0 392 159 416 218
0 479 204 503 285
0 271 142 302 223
0 294 142 325 216
0 224 142 249 221
0 207 126 226 189
0 253 130 274 194
0 152 164 176 265
0 161 129 179 204
0 182 163 208 257
0 143 116 162 183
0 120 240 158 383
0 182 255 220 405
0 234 227 277 362
0 303 187 336 263
0 305 215 344 325
0 352 216 396 324
0 404 323 467 459
0 356 400 421 511
0 268 339 332 511
1 395 135 469 194
1 449 296 511 427
1 227 100 278 153
0 183 179 221 301
0 264 146 292 230
0 221 116 242 167
0 480 202 504 282
0 326 341 390 511
2 114 179 224 445
1 131 99 192 174
0 371 125 400 173
0 446 177 476 251
0 481 209 502 288
0 450 307 494 432
0 404 357 471 511
0 291 264 344 412
0 310 192 352 285
0 307 164 337 231
0 219 118 241 176
0 204 169 232 265
0 166 142 193 225
0 67 340 118 511
1 378 126 440 178
0 49 323 97 499
0 478 206 503 278
0 112 238 156 379
1 452 300 511 416
0 433 316 494 453
0 350 226 387 342
0 335 198 372 278
0 315 125 347 173
0 301 158 330 230
0 272 137 300 210
0 283 204 335 314
0 244 199 290 322
0 250 143 282 220
0 172 184 205 291
1 143 132 212 214
0 121 134 142 216
1 250 305 439 511
0 247 224 286 366
0 480 203 501 284
0 338 389 417 511
1 243 138 334 240
0 338 170 375 236
0 340 203 388 300
1 351 129 418 184
0 393 160 422 221
0 224 84 243 135
0 164 119 184 181
0 132 90 146 134
2 108 178 226 445
0 182 120 200 191
0 173 96 183 144
0 228 131 250 206
0 220 110 234 156
0 260 137 289 213
0 289 128 307 192
0 371 128 394 175
0 482 206 502 281
0 390 247 437 365
0 320 191 362 286
0 319 172 352 233
1 104 128 147 204
1 82 99 151 146
1 226 100 278 157
0 42 265 84 416
0 480 201 502 283
0 464 344 511 474
0 270 158 297 245
0 269 130 291 194
0 218 111 235 170
0 196 91 212 143
0 168 110 182 174
0 159 74 170 113
2 107 179 224 441
0 480 202 501 283
0 424 296 482 430
0 381 245 428 346
0 329 196 361 292
0 309 164 338 243
0 291 170 317 264
0 270 183 299 281
0 253 295 301 445
0 248 141 270 214
0 228 151 253 226
0 205 150 228 232
0 196 192 227 301
0 174 155 200 233
0 188 113 207 178
0 144 112 163 172
2 108 175 226 448
0 204 167 234 261
0 230 334 284 503
0 275 255 324 427
0 265 213 311 327
0 320 196 363 303
0 388 241 435 345
0 481 206 501 282
1 360 135 416 211
0 260 153 290 234
0 222 151 250 237
0 199 124 220 187
0 212 109 227 170
0 238 110 270 173
0 254 105 273 161
0 185 86 200 128
0 182 113 200 179
0 172 120 192 194
0 172 96 187 143
0 106 167 122 228
0 130 132 151 185
0 118 125 137 161
0 149 88 162 137
0 202 183 234 281
0 202 152 228 216
0 248 243 289 382
0 481 207 501 281
0 374 124 398 169
1 220 142 285 216
0 159 122 174 184
2 108 183 224 446
0 212 115 235 170
0 200 100 221 152
0 153 142 174 232
0 129 184 157 285
0 132 292 196 443
0 249 289 304 469
0 480 206 501 281
0 396 161 424 214
1 207 94 255 142
0 444 181 476 257
0 481 206 500 280
0 453 279 508 380
0 306 320 368 488
1 286 144 384 223
0 231 162 254 244
0 209 187 242 302
0 186 143 206 213
0 225 136 245 206
0 219 117 239 174
0 190 113 210 172
0 176 103 190 153
0 154 98 167 148
1 107 132 169 270
0 140 334 191 498
0 108 263 142 388
0 186 195 214 299
0 175 160 196 233
0 242 195 269 309
0 369 315 412 450
0 478 209 503 280
0 375 132 393 186
0 279 125 298 184
0 210 102 226 146
0 106 121 125 179
2 127 96 204 182
0 395 157 418 215
0 482 205 502 284
0 235 125 256 198
0 210 125 228 192
0 212 159 239 262
0 209 243 248 362
0 277 248 326 408
2 111 180 223 445
0 95 145 115 219
0 217 98 248 143
0 370 125 400 175
0 224 238 266 380
0 266 221 306 352
0 306 214 345 319
0 306 179 334 251
0 263 157 288 228
0 192 121 209 187
0 169 114 185 179
0 481 204 505 283
0 432 347 496 491
2 112 175 223 445
0 184 99 200 162
1 209 92 260 144
0 323 149 343 223
0 395 152 421 217
0 482 205 501 283
0 467 305 511 432
0 421 329 485 460
0 300 187 339 290
0 233 231 272 368
0 133 138 153 212
0 480 206 502 284
0 446 180 474 256
1 388 126 434 182
0 257 100 273 153
0 229 100 247 148
0 203 96 219 145
0 214 137 234 216
1 152 136 215 228
0 480 204 501 280
0 441 390 504 511
0 323 363 391 511
0 368 271 425 394
0 347 227 398 327
0 319 185 356 275
0 212 194 246 307
0 195 123 211 199
2 113 184 223 451
0 160 196 184 319
0 48 318 97 501
0 481 205 500 283
1 222 96 280 156
0 125 167 145 251
0 134 142 150 204
0 109 118 124 164
0 195 210 224 335
0 302 145 322 219
1 208 122 267 197
1 168 116 218 211
0 225 174 250 265
0 248 167 277 258
0 272 167 296 254
0 330 177 361 253
0 310 188 341 278
0 355 211 387 318
1 307 128 409 207
0 388 291 437 431
0 434 296 489 432
1 426 273 511 427
1 231 246 446 509
0 480 201 503 281
0 386 248 436 369
0 288 239 338 356
0 243 263 318 381
0 204 233 242 389
0 146 340 208 511
0 106 247 142 391
0 162 182 184 288
0 210 190 248 283
0 222 162 251 253
0 251 160 280 239
0 280 140 301 204
0 313 152 337 227
0 331 179 366 272
0 205 122 227 179
0 165 109 182 172
0 114 123 134 180
0 92 132 118 201
1 132 135 200 226
0 482 205 501 281
0 373 132 402 188
1 223 96 277 164
0 480 208 501 281
0 447 180 474 250
0 407 219 444 322
0 316 137 351 200
0 299 158 326 226
1 380 126 440 179
0 238 116 257 174
0 175 120 201 189
0 164 102 176 151
0 129 169 158 276
2 224 180 399 482
0 481 202 501 281
0 47 323 95 472
0 267 312 335 484
0 404 267 454 382
1 424 275 511 421
0 464 406 511 509
0 293 128 327 177
1 305 129 405 203
1 269 190 390 327
0 250 214 289 337
0 215 177 246 273
0 139 152 160 241
0 150 122 170 189
0 197 132 223 203
0 240 144 264 209
0 186 102 198 153
0 124 108 137 160
1 224 98 275 162
0 171 88 187 131
0 301 174 334 268
0 481 206 503 280
0 249 242 296 407
0 232 158 256 263
0 242 118 260 186
1 211 90 256 147
0 163 113 178 172
0 155 145 173 226
0 130 145 147 224
0 100 252 144 393
0 132 114 144 163
0 446 177 475 252
0 480 208 502 288
0 374 255 421 374
0 446 379 511 511
0 298 183 331 277
0 279 132 309 187
1 338 128 415 193
0 215 117 230 173
0 205 103 222 150
1 150 98 202 176
1 153 171 237 305
0 152 292 194 445
0 124 339 200 511
0 405 237 453 345
0 480 202 502 278
0 344 209 387 312
0 346 306 432 426
0 364 345 433 510
0 268 267 316 409
0 221 374 278 511
0 137 307 189 503
0 101 256 143 395
0 159 213 196 347
0 208 214 242 337
0 260 208 286 329
0 288 157 314 233
0 316 160 346 238
0 253 137 277 213
0 210 133 230 208
0 191 145 210 233
0 175 120 192 179
0 149 140 168 218
0 229 116 247 189
0 368 126 398 179
0 362 136 391 193
0 446 178 474 251
0 479 205 499 283
1 380 126 436 182
0 244 224 284 360
0 269 132 295 200
1 192 102 240 166
1 135 85 170 137
0 250 231 293 381
0 304 241 348 384
0 353 167 398 248
0 380 370 442 511
0 280 156 312 235
0 269 136 291 196
0 187 130 212 206
0 95 231 135 384
1 119 211 250 405
1 199 121 262 192
1 102 125 149 207
1 222 100 278 158
0 480 206 503 283
0 231 176 267 285
0 271 149 298 234
0 299 184 333 277
0 332 191 368 286
0 478 207 501 279
0 445 364 510 506
0 309 321 370 487
0 189 108 210 177
0 175 140 190 209
1 106 100 162 184
2 108 178 222 447
0 267 113 300 169
0 444 172 475 251
0 483 201 500 281
0 376 199 406 302
0 351 212 382 324
0 242 116 260 179
0 221 115 240 174
0 392 143 414 200
1 378 130 438 178
1 132 92 196 145
0 138 117 154 178
0 120 124 133 187
0 247 161 276 246
0 212 147 236 231
0 177 153 202 237
0 167 122 186 187
0 184 115 206 172
0 139 94 151 140
0 98 140 118 207
1 205 247 277 426
0 314 281 363 463
0 432 323 497 458
0 377 207 411 299
0 369 151 393 218
0 446 177 477 260
0 484 207 501 284
1 379 126 438 182
0 445 179 474 251
0 480 203 501 282
0 456 330 512 454
0 316 342 375 511
1 234 393 319 511
0 321 140 351 204
1 336 127 404 188
1 213 128 293 225
0 239 94 253 137
0 210 100 222 145
0 182 140 204 225
0 145 113 161 173
0 188 87 202 128
0 479 204 502 286
0 435 239 471 322
0 461 280 502 388
0 410 282 463 393
0 386 393 455 511
0 248 372 302 511
0 244 275 292 421
0 301 219 343 321
0 347 218 396 324
0 359 177 392 263
0 316 168 345 253
0 296 169 326 258
0 256 150 290 226
0 241 210 278 318
0 232 138 256 223
0 212 138 230 218
0 197 145 217 235
0 154 130 173 192
0 168 104 180 162
0 193 97 208 146
0 230 106 248 161
2 114 181 223 448
0 95 246 134 386
1 120 212 252 405
0 205 189 228 284
0 288 292 337 453
0 292 246 338 371
0 406 246 444 357
0 420 178 458 256
0 344 142 377 204
0 260 137 288 211
0 285 137 313 200
0 305 162 340 236
1 294 225 420 371
0 182 135 201 214
0 207 143 236 225
0 226 177 260 278
0 234 114 258 183
0 158 124 182 200
1 102 125 149 207
1 222 100 278 158
0 480 206 503 283
1 209 88 256 150
0 396 159 422 215
0 477 201 504 280
0 178 103 200 155
0 144 113 160 167
0 480 206 502 283
0 398 258 448 374
0 297 295 356 484
0 164 357 252 511
0 106 256 143 393
0 110 158 142 238
0 229 111 250 174
1 142 114 222 187
0 268 132 285 201
0 286 164 313 249
0 303 163 336 239
0 48 337 102 500
0 477 203 502 280
1 103 125 148 206
0 118 241 156 387
0 221 209 252 319
0 244 184 276 295
0 260 300 319 480
0 332 324 397 504
0 375 310 432 462
1 351 135 421 198
0 332 164 363 233
0 295 179 344 267
0 268 132 302 192
0 318 135 339 198
0 229 138 250 204
0 200 100 220 156
0 187 135 208 216
0 170 150 189 243
0 145 185 174 292
1 224 96 278 166
0 411 289 467 403
0 446 364 511 500
0 482 201 504 283
1 268 128 333 214
0 253 137 274 206
0 219 113 239 177
0 139 121 158 184
0 209 313 262 490
0 480 209 499 273
0 415 275 470 396
0 332 227 380 339
0 262 140 289 212
0 371 127 400 175
0 161 120 180 180
0 98 142 117 216
2 113 180 224 456
0 370 232 415 334
0 378 189 411 277
0 397 154 427 215
0 478 207 505 283
0 192 254 231 407
0 190 192 222 299
0 137 122 158 198
0 124 113 138 162
1 120 87 176 136
1 196 113 248 174
0 254 123 274 182
0 101 251 141 376
0 244 160 273 248
0 269 163 298 245
0 284 133 311 206
0 184 137 210 216
0 224 127 249 194
0 160 100 177 153
1 182 95 233 166
0 372 175 396 255
1 130 215 255 403
0 206 341 265 511
1 102 125 149 207
1 222 100 278 158
0 480 206 503 283
0 463 334 511 456
0 105 257 140 379
0 168 135 191 204
0 220 120 246 184
1 124 211 255 399
1 348 269 511 486
1 102 125 149 207
1 222 100 278 158
0 480 206 503 283
1 105 96 165 133
1 212 91 257 150
0 365 167 392 251
0 401 157 431 209
0 433 215 454 296
0 479 204 505 285
0 350 233 402 342
0 291 307 346 500
0 153 117 169 177
0 119 150 138 229
0 271 228 318 363
0 305 353 380 511
0 222 169 255 269
0 232 111 249 160
0 174 94 195 143
2 108 180 225 460
0 402 228 443 330
0 479 204 502 280
0 126 100 142 155
0 371 140 397 194
0 446 179 476 254
0 480 204 501 286
0 342 223 395 327
0 311 182 345 266
1 384 123 437 184
1 187 132 265 257
0 248 130 268 202
0 157 119 175 198
0 145 115 158 174
1 207 268 456 511
0 132 204 160 320
0 170 130 191 201
0 212 118 230 174
0 234 113 271 179
0 480 205 502 280
1 222 100 276 160
1 104 125 147 207
0 371 138 403 189
0 304 171 343 259
1 366 125 430 182
0 444 179 475 256
0 483 207 502 283
0 351 178 385 247
1 312 231 453 391
0 418 403 493 512
0 252 307 313 481
0 176 175 200 267
0 166 137 185 198
1 209 106 269 175
0 170 114 190 165
0 249 248 290 406
0 355 329 415 492
0 479 204 500 286
0 360 156 379 223
0 340 173 364 259
0 370 128 398 177
0 391 161 420 221
0 246 133 269 197
0 288 122 322 178
0 266 108 288 166
0 176 144 199 232
0 160 124 182 187
1 169 100 233 166
2 111 178 223 454
0 124 106 136 156
1 134 76 192 132
0 321 177 356 271
0 364 147 393 202
1 337 132 382 176
0 270 132 300 211
0 243 128 271 207
0 197 154 218 240
0 181 122 207 191
1 118 98 163 155
1 192 113 260 178
1 251 243 390 469
1 130 196 208 371
1 102 125 149 207
1 222 100 278 158
0 480 206 503 283
0 241 150 276 235
0 216 155 241 246
0 189 160 217 259
0 164 184 191 278
0 134 171 155 246
0 144 125 160 190
1 168 94 228 150
0 233 112 248 168
0 399 256 453 378
0 452 352 511 484
0 478 198 506 280
1 276 216 428 497
0 160 260 194 402
0 97 256 151 399
0 108 130 124 209
0 168 122 188 195
0 188 87 202 126
0 209 98 223 150
0 256 149 284 226
1 222 101 277 162
0 341 215 379 317
0 480 201 502 273
1 412 258 511 427
0 424 308 482 448
0 410 361 472 502
0 280 338 341 511
0 192 188 220 291
0 480 203 502 283
0 447 180 472 253
0 418 278 478 398
0 344 324 406 494
0 312 233 357 368
0 324 208 365 303
0 298 162 327 235
1 317 125 395 183
0 172 100 189 150
0 98 115 132 172
0 326 167 357 251
0 224 173 252 278
0 197 193 228 312
0 107 135 129 206
0 140 103 156 157
1 226 118 324 192
0 481 213 501 292
0 447 179 474 255
0 481 203 499 281
0 400 290 457 427
0 383 230 426 334
0 368 166 388 245
0 261 206 296 342
0 212 161 241 260
0 182 123 201 186
0 179 104 194 157
0 115 130 154 195
0 217 201 257 319
0 264 211 309 337
0 270 183 324 280
0 349 210 388 301
0 340 327 409 497
0 419 280 475 415
0 439 181 470 265
1 356 164 395 263
0 324 140 342 209
0 278 147 308 217
0 242 130 270 205
0 220 165 248 242
0 181 167 208 251
0 189 134 210 214
0 220 120 248 176
0 159 110 176 172
1 128 216 251 402
0 101 251 138 389
1 102 125 149 207
1 222 100 278 158
0 480 206 503 283
0 49 323 97 499
0 478 206 503 278
0 117 243 158 385
0 244 284 298 466
0 368 382 443 511
0 428 299 482 416
0 472 288 511 394
0 381 229 426 331
0 375 211 414 283
0 349 190 372 290
0 348 131 376 187
0 316 123 349 181
0 301 172 350 263
0 283 113 299 169
0 259 130 284 199
0 237 129 264 196
0 215 122 232 181
0 214 177 248 274
0 161 135 182 207
1 106 135 159 224
1 122 88 151 134
1 166 96 224 153
1 219 101 276 154
0 370 213 410 311
0 481 204 502 285
0 446 174 473 256
0 261 296 310 474
0 231 382 294 511
0 155 249 186 377
0 105 258 144 392
0 121 151 139 224
0 106 108 131 164
0 164 91 176 142
0 148 155 166 243
0 182 170 212 263
0 188 208 222 340
0 311 159 345 238
0 302 137 330 196
0 261 162 287 244
0 211 156 250 239
0 264 128 288 192
0 254 95 270 155
0 220 94 240 150
1 360 299 511 511
0 421 317 490 438
0 480 211 500 283
0 446 180 476 252
0 425 233 463 337
0 388 247 440 359
0 394 201 426 289
0 354 286 401 436
0 298 309 354 472
0 233 196 260 320
0 240 171 272 263
0 305 176 339 271
0 346 196 384 292
0 339 177 367 248
1 380 125 438 181
0 268 152 298 221
0 286 141 317 215
0 127 198 165 288
0 197 142 228 217
0 239 106 259 167
0 228 135 250 204
1 121 123 209 237
0 254 218 296 348
0 360 258 414 392
0 383 233 421 349
0 414 407 494 511
0 478 204 505 280
0 346 158 366 244
0 385 159 400 226
0 308 137 338 211
0 248 111 270 174
0 190 144 212 228
0 222 166 249 267
0 160 120 178 182
2 112 180 224 453
0 124 168 156 268
0 436 189 472 269
0 478 206 502 280
0 450 266 496 371
0 381 246 441 344
0 378 287 436 416
0 375 201 416 282
0 322 216 364 326
0 327 180 360 270
0 292 143 331 210
0 280 175 312 275
0 251 192 289 297
1 109 130 172 202
1 208 123 276 208
1 226 99 278 154
1 154 313 315 511
0 478 201 503 283
0 450 324 512 453
0 330 201 374 303
0 268 210 310 339
0 238 123 259 190
0 196 133 221 221
0 152 100 165 143
0 154 141 175 221
0 189 306 237 488
0 235 234 276 376
1 209 98 257 145
0 371 229 418 332
0 481 206 501 280
0 447 181 474 256
0 436 381 500 511
0 341 317 402 490
0 252 289 304 446
0 213 153 238 244
0 173 163 198 261
0 160 126 178 182
0 124 151 146 221
0 49 363 111 511
1 380 123 438 182
0 146 142 164 229
0 191 164 212 250
0 175 193 208 307
0 227 233 269 367
0 308 258 347 396
0 480 204 502 283
0 446 182 475 255
0 408 141 428 192
1 353 125 419 183
1 207 120 239 179
0 258 143 285 215
0 401 144 423 209
0 480 199 503 281
0 443 175 479 256
0 461 310 511 436
0 394 333 463 511
2 158 113 244 238
1 149 70 181 126
0 134 106 148 162
0 112 143 127 200
0 93 174 115 258
2 112 180 223 452
0 324 145 348 225
0 480 203 503 285
1 220 99 278 160
1 104 125 151 212
1 154 112 209 192
2 307 209 477 435
0 150 105 171 161
0 219 204 261 333
0 435 305 497 450
0 482 206 500 273
1 224 101 275 159
0 142 106 156 166
0 160 125 179 189
0 196 94 210 151
1 212 83 257 148
0 292 147 321 220
0 478 203 501 281
0 351 222 392 315
0 347 249 398 379
0 237 196 269 321
0 202 167 229 256
0 179 183 204 285
0 286 370 360 511
0 443 386 511 511
0 478 202 502 282
0 432 267 480 385
0 408 313 467 443
0 353 205 391 281
0 354 220 392 317
0 346 255 396 378
0 347 338 412 507
0 260 253 293 402
0 248 369 301 511
0 190 146 212 228
0 169 125 184 181
0 177 110 192 173
0 156 138 172 192
0 228 149 257 253
0 251 141 276 224
0 297 186 331 279
0 300 157 328 231
0 258 122 285 185
2 114 185 224 459
0 203 110 218 166
0 224 105 239 163
0 149 116 166 182
0 210 101 228 154
0 222 136 246 209
0 219 187 250 286
0 278 164 307 246
0 353 133 380 184
0 383 264 436 386
0 462 310 511 430
1 162 332 336 511
0 479 201 500 280
1 223 101 279 158
0 206 110 225 173
0 192 137 211 192
0 197 179 225 285
0 146 145 161 218
0 248 212 284 327
0 278 280 332 447
0 355 256 404 412
0 274 147 301 211
1 378 130 442 177
0 480 201 499 283
0 448 182 476 258
0 367 329 436 510
0 292 326 352 496
0 447 179 476 256
0 482 204 501 278
0 184 135 203 214
0 140 172 160 253
0 65 267 104 408
0 142 123 158 179
0 161 132 177 203
0 134 99 147 148
0 98 125 118 194
1 180 88 227 139
0 342 129 370 177
1 450 131 498 181
0 45 323 99 499
0 370 169 394 251
0 480 198 500 279
0 318 150 347 233
0 357 244 401 359
0 418 292 472 391
0 418 347 489 489
1 309 387 492 512
0 307 256 358 395
0 232 370 284 511
0 112 243 156 379
0 147 204 177 327
0 136 160 158 240
0 150 141 170 219
0 178 180 204 256
0 182 227 220 363
0 216 190 250 301
0 180 110 199 167
0 202 124 221 181
0 218 140 244 212
0 250 152 282 221
0 266 176 303 268
0 299 159 326 246
1 225 100 278 162
1 453 300 511 430
0 366 169 387 242
0 446 184 474 268
0 481 200 501 283
0 355 333 420 497
0 196 156 220 225
0 175 186 215 239
0 166 145 190 213
0 166 120 188 174
0 246 120 268 170
0 255 135 279 209
0 284 172 334 265
0 260 199 299 310
1 240 96 278 153
2 174 89 249 174
1 119 226 238 437
0 101 242 142 380
1 197 155 254 264
0 284 249 323 375
0 273 170 309 264
0 337 194 374 292
0 482 206 500 282
0 214 108 240 157
0 248 125 274 178
0 156 128 177 197
1 133 212 250 402
1 102 125 149 207
1 222 100 278 158
0 480 206 503 283
1 378 125 437 179
0 447 180 476 250
0 480 209 503 289
0 406 247 453 359
0 398 419 469 511
0 277 147 305 222
0 220 201 267 334
1 116 186 248 430
0 206 96 220 144
0 234 89 250 139
0 326 370 394 511
0 447 181 474 253
0 482 204 500 283
0 239 225 284 364
1 268 123 359 189
0 372 129 401 179
0 233 127 256 189
0 170 104 186 161
0 147 128 165 193
0 340 135 360 192
0 400 142 421 204
0 446 176 478 260
0 482 203 501 278
0 420 288 486 410
0 336 275 388 431
0 305 191 342 286
0 329 176 357 260
0 304 142 330 216
0 278 150 304 224
0 263 125 283 189
0 186 91 205 142
0 165 126 184 196
0 113 140 131 199
0 42 359 86 509
0 232 302 279 484
1 192 137 281 272
2 116 179 223 439
0 426 277 481 398
0 480 195 500 279
0 392 356 466 511
0 240 117 261 182
1 210 89 257 142
1 145 140 231 278
0 100 250 146 394
0 304 234 352 364
0 280 187 317 287
0 235 199 283 320
0 216 174 248 251
0 184 162 215 241
0 174 118 193 171
1 140 110 164 167
1 385 133 441 198
0 281 121 317 177
0 232 130 258 189
1 221 97 278 166
0 480 204 502 285
0 363 373 426 511
1 98 211 243 387
1 145 74 188 133
0 480 204 498 284
0 316 301 377 487
0 191 149 213 233
0 144 150 164 224
0 145 347 198 511
1 242 109 299 178
0 182 133 199 195
0 316 123 354 186
0 477 207 501 280
0 370 231 409 344
0 278 169 322 256
0 313 292 370 475
0 233 284 280 445
0 227 177 256 282
0 188 142 206 219
0 149 93 160 137
2 114 182 223 452
0 192 120 210 182
0 48 342 103 502
0 480 207 500 283
1 102 124 147 208
0 116 254 154 387
0 315 123 350 178
0 338 170 368 249
0 340 306 401 470
0 300 165 335 246
0 258 153 288 232
0 257 208 290 330
0 194 204 237 355
0 200 137 223 222
0 204 107 224 163
0 225 110 246 158
1 223 99 278 159
1 142 77 179 140
0 388 143 409 187
1 386 128 442 177
0 448 177 474 253
0 481 206 502 285
0 344 226 390 327
0 353 189 382 263
0 301 181 333 275
0 266 137 291 211
0 239 225 284 360
1 172 104 241 180
0 149 115 164 183
0 113 161 134 241
0 126 251 172 374
0 161 119 180 167
1 105 145 160 231
0 181 134 205 204
0 198 182 218 295
0 219 160 242 260
0 197 118 208 187
0 206 119 228 178
0 232 120 251 172
0 241 153 262 231
0 254 130 273 200
0 280 163 306 252
0 258 176 294 273
0 245 216 286 326
0 314 173 347 246
0 321 206 356 297
0 342 262 394 393
0 371 233 413 335
0 415 221 459 320
0 481 206 500 278
0 463 310 511 433
0 376 124 398 172
0 48 342 103 502
0 480 207 500 283
1 102 124 147 208
1 221 101 277 162
0 374 217 417 321
0 329 192 365 295
1 219 255 375 502
0 165 154 185 239
0 152 137 168 205
0 179 134 195 204
0 202 127 222 201
0 224 145 252 238
0 258 135 281 221
0 316 124 346 176
0 372 124 400 178
2 112 179 223 449
0 106 169 124 233
0 111 118 128 171
0 231 334 286 505
0 126 134 148 187
0 170 143 198 233
0 155 115 172 180
0 146 96 160 148
0 185 124 206 198
0 177 108 192 155
0 168 93 180 147
0 156 92 166 123
0 242 110 273 174
0 237 133 261 183
1 206 178 323 320
0 328 209 368 314
1 342 146 384 235
0 480 203 502 285
0 446 335 510 469
0 434 260 481 380
0 480 199 502 280
0 446 177 476 249
0 408 217 442 307
0 324 149 354 209
0 252 139 284 210
0 221 155 261 231
0 180 128 198 203
0 163 147 181 218
0 140 123 156 182
0 136 168 154 256
0 158 201 191 332
0 192 165 216 263
0 258 268 304 425
0 187 332 238 511
0 105 256 145 398
1 311 194 415 418
1 102 125 149 207
1 222 100 278 158
0 480 206 503 283
0 179 150 200 229
0 204 134 232 208
0 213 172 248 283
0 252 179 294 286
0 250 221 296 359
0 312 151 340 221
0 329 175 357 267
0 346 135 380 187
0 387 256 443 367
1 294 331 398 509
0 452 363 511 502
1 131 213 249 401
0 99 254 139 396
0 46 336 104 499
0 481 203 502 283
1 103 123 148 213
1 335 262 505 487
0 254 288 314 450
0 178 189 202 298
0 115 243 158 379
0 192 169 219 266
0 207 147 233 237
1 223 153 315 253
1 224 97 278 154
0 202 100 221 152
0 182 136 196 192
0 157 146 174 226
0 447 179 474 252
0 481 202 502 285
0 405 221 436 333
1 380 125 435 181
0 330 186 363 270
0 284 158 308 235
1 205 251 238 345
1 185 106 250 209
1 113 167 203 371
0 164 125 180 189
0 173 100 185 150
0 134 199 168 292
0 482 206 502 282
0 446 181 474 255
0 470 272 508 385
0 436 246 470 366
0 427 421 492 511
0 400 273 450 398
0 353 238 393 356
0 363 216 408 317
0 322 247 356 379
0 302 274 354 440
0 303 199 344 292
0 302 174 336 242
0 289 143 312 215
0 264 184 292 295
0 231 148 256 230
0 260 137 286 201
1 380 128 442 184
1 138 137 241 264
0 190 107 208 157
0 129 164 160 237
0 139 122 157 180
0 156 100 171 154
0 179 117 196 175
0 192 130 214 206
1 229 139 304 223
0 276 272 336 456
1 162 337 335 511
0 134 270 171 413
0 354 329 415 497
0 374 231 425 339
0 479 201 500 280
1 223 101 279 158
0 331 126 365 184
0 258 150 294 218
0 322 228 374 321
0 376 158 398 241
0 482 206 501 285
0 225 162 250 258
0 198 174 231 287
0 106 136 123 212
0 144 99 160 154
0 194 101 214 158
0 217 119 237 177
1 225 100 276 157
1 241 118 339 201
0 256 181 283 283
0 283 157 314 233
0 399 147 420 208
0 447 177 474 256
0 479 200 502 288
0 437 336 496 469
0 340 376 406 511
0 258 380 326 511
2 112 181 223 443
0 196 132 221 205
0 188 89 202 135
0 372 199 417 289
0 437 265 484 368
0 480 204 502 282
0 381 374 452 511
0 363 264 414 371
0 236 189 266 291
0 251 148 278 226
0 114 130 129 182
0 151 130 166 199
0 142 110 157 162
0 197 93 215 148
1 211 93 257 145
0 184 197 218 322
0 144 124 162 194
0 128 104 142 150
0 361 410 427 511
0 441 313 501 437
0 480 205 501 282
0 443 179 474 253
1 379 125 438 181
0 288 130 326 190
0 264 111 285 168
0 248 109 269 172
0 216 93 230 142
1 131 90 195 147
0 197 162 227 262
0 248 135 268 195
1 225 100 278 155
0 314 135 341 206
0 476 206 501 268
1 415 261 511 429
0 358 322 422 498
0 278 140 306 222
1 212 123 274 216
0 426 232 472 338
0 479 201 502 281
0 100 248 144 392
0 246 128 275 197
0 281 181 316 276
0 242 191 277 296
0 231 237 265 384
0 443 177 472 250
0 483 206 499 284
1 385 130 440 180
0 445 177 474 253
0 481 206 501 285
0 376 142 404 194
1 354 128 420 182
1 354 242 416 344
0 452 313 505 448
0 386 307 442 445
0 296 273 351 423
0 288 179 314 269
0 248 303 304 489
0 228 231 270 352
0 230 188 262 285
0 187 160 207 243
0 201 134 219 205
0 164 121 182 193
0 111 155 133 230
0 447 174 475 253
0 480 202 502 286
0 400 265 457 379
0 380 191 408 302
0 331 221 376 332
0 289 169 317 253
0 264 142 292 216
0 232 113 252 176
0 219 99 234 151
0 199 105 216 153
0 182 90 196 140
0 190 200 223 311
1 258 254 331 432
2 108 177 218 429
1 353 125 418 181
0 446 177 475 250
0 481 204 499 287
1 321 239 478 429
0 321 401 402 511
0 256 140 284 212
0 176 164 198 265
0 156 135 171 202
0 171 108 184 162
0 155 106 169 164
1 219 119 250 182
0 445 179 475 252
0 479 202 500 286
0 390 373 455 511
0 254 180 285 283
1 346 125 413 184
1 177 123 210 178
0 170 171 195 262
0 130 124 147 192
0 155 123 171 188
0 141 102 152 151
0 181 83 192 132
0 444 179 476 256
0 481 209 502 281
0 400 269 458 396
0 350 296 408 478
0 208 204 242 326
0 236 173 265 270
0 242 119 267 183
0 206 125 226 191
0 177 153 197 231
0 161 96 174 146
0 140 118 155 177
0 118 164 142 243
0 46 368 103 511
1 379 127 441 179
0 49 323 97 499
0 478 206 503 278
0 115 236 158 383
1 103 130 153 221
0 220 126 240 199
0 245 136 270 205
0 268 141 292 211
0 299 157 324 230
0 313 174 358 273
0 379 178 403 254
0 314 120 352 179
1 230 99 278 150
1 174 98 227 156
0 371 238 417 358
0 410 248 463 335
0 433 281 491 398
0 173 163 206 274
0 361 243 408 356
0 382 234 426 337
0 479 206 503 280
0 396 159 424 216
0 294 160 327 229
0 196 127 222 194
0 173 141 194 221
0 140 142 158 219
0 203 95 223 148
1 203 93 258 145
0 358 139 394 194
0 392 162 418 221
0 480 206 502 292
0 200 182 228 278
0 252 135 274 196
0 137 118 155 186
1 163 103 226 198
2 110 182 223 452
0 449 261 494 380
0 482 204 501 282
0 447 180 475 258
1 356 126 418 179
1 314 139 349 198
0 273 125 300 187
0 268 237 311 375
0 376 344 438 511
0 196 175 221 275
0 171 137 188 209
0 148 136 160 206
0 159 103 172 155
0 158 152 177 238
0 168 124 191 205
0 206 119 225 187
0 241 122 261 190
1 211 88 258 145
0 480 206 503 282
0 274 255 323 409
0 446 177 475 251
0 480 208 503 283
0 366 220 405 324
0 335 223 374 317
0 353 303 406 455
0 132 195 164 292
0 138 140 161 218
1 169 167 296 347
0 279 155 300 231
0 310 175 338 261
0 282 137 308 209
0 239 136 261 188
0 251 125 276 192
0 180 133 197 178
0 158 115 175 177
1 380 128 438 181
0 442 187 476 273
0 476 204 500 283
0 338 130 372 182
0 252 138 276 206
0 228 110 247 172
1 221 98 276 162
0 183 116 206 182
0 157 131 187 200
0 170 150 200 230
0 123 189 166 240
1 98 211 240 391
0 280 231 325 374
0 343 290 407 466
0 374 241 421 354
0 170 115 185 190
0 140 97 152 150
1 384 127 442 184
0 448 182 474 251
0 479 206 500 285
0 226 351 322 511
0 253 214 292 345
0 269 144 293 226
0 308 198 347 307
0 309 171 336 235
0 349 165 384 258
0 363 233 412 350
0 480 200 499 273
0 336 125 369 181
1 197 118 263 192
1 89 140 162 235
0 158 136 174 214
0 49 323 97 499
0 478 206 503 278
0 380 182 404 270
0 375 280 425 423
0 256 203 296 332
0 294 193 328 290
0 314 172 345 245
0 315 125 350 177
0 263 164 293 253
0 250 134 290 208
0 229 124 250 191
1 227 100 280 159
1 121 110 166 175
1 133 164 236 290
0 157 238 186 315
0 119 251 156 377
0 102 117 116 175
0 318 208 352 295
0 364 217 399 322
0 314 165 345 237
0 301 126 338 181
1 224 116 272 172
1 152 92 205 163
1 130 201 217 381
1 290 285 446 511
1 102 125 149 207
1 222 100 278 158
0 480 206 503 283
0 307 282 362 460
0 396 221 437 324
0 480 205 502 280
1 222 100 276 160
1 104 125 147 207
0 114 170 142 244
0 151 155 175 249
0 180 145 200 227
0 210 147 238 234
0 187 114 203 172
0 102 260 142 392
0 136 205 170 325
0 177 234 216 383
0 164 169 214 246
0 186 120 204 181
0 127 110 156 160
0 159 107 170 162
0 227 105 247 162
0 262 105 290 163
0 268 152 297 231
0 309 164 344 248
0 333 199 373 288
0 448 180 474 256
0 481 207 502 283
0 381 253 427 377
0 342 269 392 413
0 288 301 354 476
0 284 410 354 511
0 479 201 503 287
0 391 226 432 303
0 383 258 441 373
0 404 153 424 210
0 363 146 392 204
0 370 163 388 240
0 336 201 372 304
0 340 135 361 200
0 321 129 348 185
0 198 162 220 253
0 197 135 223 212
0 165 101 180 152
0 170 132 191 196
2 110 184 222 443
0 249 370 297 511
1 234 221 377 449
0 211 189 239 292
0 197 154 222 222
0 175 253 206 382
0 168 138 189 225
0 160 114 179 169
0 225 135 244 207
0 244 134 268 200
0 259 160 288 236
0 274 182 313 288
0 264 130 289 194
0 307 177 342 259
0 315 137 338 207
0 334 218 380 325
0 354 179 385 272
0 480 206 502 283
1 94 136 161 234
1 171 100 226 168
0 478 207 503 263
0 310 159 336 246
0 158 130 175 194
0 131 113 146 164
0 100 130 124 201
1 223 100 279 164
1 416 255 511 434
0 188 183 218 299
0 227 202 261 335
0 295 292 346 457
1 335 218 511 511
1 284 174 384 312
1 128 202 206 378
0 168 142 188 208
1 102 125 149 207
1 222 100 278 158
0 480 206 503 283
1 134 86 165 135
0 176 93 190 135
0 375 162 395 238
0 480 202 502 283
0 368 220 413 318
0 324 216 373 318
0 252 339 312 511
0 256 181 288 297
0 245 153 272 212
0 228 130 252 197
0 184 157 206 249
0 163 101 178 161
0 201 106 218 161
0 137 111 157 161
0 105 138 128 216
1 224 98 278 163
1 249 123 340 203
0 478 199 502 280
0 450 320 511 451
0 383 285 448 428
0 335 208 376 299
0 302 202 342 310
0 283 171 316 253
0 272 241 322 388
0 236 244 277 390
0 213 299 266 494
0 178 194 204 307
0 208 160 234 257
0 248 163 276 253
0 245 136 268 196
0 201 128 226 201
0 176 157 198 232
0 169 123 188 197
0 214 114 230 182
1 223 100 278 165
1 281 139 390 233
1 378 128 434 182
0 336 392 409 511
0 481 199 503 281
0 393 162 417 212
0 372 125 402 170
0 298 189 334 287
0 275 157 299 233
0 310 276 372 439
0 237 98 257 148
0 186 157 216 253
0 111 102 138 152
1 181 103 228 160
2 112 179 222 446
0 147 108 160 160
0 181 98 194 152
0 190 145 211 229
0 249 138 277 213
0 366 132 391 178
0 446 180 473 253
0 481 202 502 284
0 245 290 301 486
1 204 110 283 169
0 480 204 501 281
0 448 214 471 299
0 370 181 400 265
0 276 125 300 192
0 262 147 290 231
0 149 109 168 169
0 177 128 196 195
0 186 154 214 240
0 201 210 230 342
0 203 96 216 154
1 209 89 256 146
0 480 208 501 283
0 359 243 407 361
0 316 191 350 286
0 295 203 334 313
0 250 162 280 244
0 194 210 225 319
0 206 344 262 511
0 150 123 170 199
0 205 120 224 176
0 229 124 248 181
1 222 98 275 160
1 299 143 410 231
0 480 201 502 283
0 396 160 425 217
0 370 124 392 169
0 222 113 239 162
1 210 86 256 142
0 170 114 190 184
0 140 105 154 160
0 194 147 215 231
0 133 186 165 281
0 126 288 161 420
0 57 403 93 512
1 286 222 403 368
0 332 145 356 214
0 279 201 316 300
0 283 162 316 246
0 405 347 471 484
0 411 305 470 413
1 415 257 511 423
0 475 201 502 263
0 224 145 248 233
0 236 123 258 194
0 200 112 219 179
0 68 272 95 400
0 178 91 194 136
1 224 100 278 160
0 446 178 475 268
0 481 205 502 289
0 384 213 426 304
0 344 260 390 397
0 338 205 380 307
0 393 373 460 511
0 276 317 331 484
0 289 193 318 312
0 243 201 284 320
0 203 142 225 221
0 176 137 193 207
1 110 139 174 295
0 183 115 200 186
0 173 96 187 140
0 227 101 250 152
1 269 140 372 225
0 422 241 466 355
0 478 207 499 285
0 343 187 377 273
0 292 174 325 264
0 242 202 277 341
0 198 155 221 261
0 200 108 216 178
0 182 113 198 178
0 212 109 232 159
1 211 89 257 147
0 231 113 254 167
0 264 123 286 183
0 243 135 269 201
0 276 148 307 231
0 254 157 282 241
0 196 111 214 168
0 201 142 226 219
0 216 128 238 200
0 158 145 178 219
0 48 318 97 501
0 481 205 500 283
1 222 96 280 156
1 348 123 431 209
0 366 192 388 291
1 432 283 511 436
0 264 310 320 472
0 257 236 307 375
0 230 172 255 281
0 208 192 241 307
0 195 224 234 366
0 149 177 176 290
1 104 99 138 156
1 137 57 173 130
0 446 177 478 251
0 480 206 500 285
0 404 275 469 393
0 379 226 427 316
0 364 204 413 280
0 317 151 339 228
1 349 125 414 188
0 293 123 317 187
0 266 158 295 243
0 225 137 266 197
0 210 162 238 253
0 240 209 278 332
0 277 265 330 428
0 186 141 209 217
0 162 145 179 212
0 148 120 165 173
0 112 167 200 369
0 196 116 272 176
0 95 135 113 219
0 212 189 246 298
0 284 118 316 174
0 370 126 399 169
0 480 199 501 280
0 447 265 495 371
2 114 179 225 446
0 138 147 159 228
0 188 147 211 221
0 226 135 273 196
0 215 110 236 156
0 297 148 335 216
0 314 273 372 420
1 279 307 375 499
0 252 217 290 340
0 201 201 234 310
0 479 201 500 280
1 223 101 279 158
0 376 187 402 278
0 446 178 475 253
0 480 204 502 284
0 272 241 322 395
1 272 132 310 194
1 353 125 418 184
0 218 177 248 279
0 203 140 228 218
0 176 118 191 180
0 145 108 158 166
0 418 293 478 434
0 478 204 502 284
0 446 167 475 254
0 340 135 361 201
0 350 211 388 316
0 251 136 274 203
0 248 120 270 172
1 243 241 388 450
0 192 167 220 270
1 152 69 205 160
0 142 114 155 167
2 112 162 209 385
0 154 128 170 205
0 188 83 200 138
0 234 131 254 191
1 211 89 254 145
0 376 148 404 204
0 451 218 465 299
0 415 226 461 321
0 481 206 501 283
0 189 226 218 365
1 90 143 158 231
0 278 152 312 243
0 245 163 271 234
0 236 125 261 178
0 245 136 277 209
0 329 137 358 196
0 368 160 386 231
0 480 203 505 284
0 399 233 445 308
0 412 260 460 379
0 368 283 429 412
0 323 219 375 329
0 162 123 182 186
1 174 100 234 174
0 180 398 235 511
0 248 98 281 141
0 446 177 474 251
0 480 203 501 284
0 380 320 434 482
2 89 113 148 212
0 180 194 204 308
0 160 137 182 209
0 132 110 144 165
0 282 154 314 233
0 263 172 292 253
0 332 171 363 248
0 328 196 354 270
0 329 244 386 391
0 268 236 311 354
0 288 302 348 469
0 370 383 441 511
0 428 293 481 404
0 480 201 502 279
0 443 181 474 257
1 379 125 436 179
0 190 92 207 135
0 206 88 221 138
0 231 88 245 140
0 481 201 501 285
0 447 179 476 253
0 320 223 374 317
0 395 295 444 418
0 232 135 267 206
0 193 152 214 238
0 178 126 196 193
0 159 139 179 204
0 159 174 185 275
0 114 142 134 217
0 143 111 158 178
0 217 91 241 135
1 298 141 372 246
1 287 305 473 511
0 242 354 304 511
0 221 246 262 390
0 147 283 194 464
0 128 349 197 511
0 446 172 476 253
0 480 204 500 283
0 436 275 480 427
0 229 286 279 450
0 294 162 324 243
0 250 139 271 213
0 236 122 254 178
0 224 110 240 161
0 204 95 218 145
1 136 93 176 160
2 113 170 214 416
0 478 204 502 287
0 390 154 418 218
0 355 127 388 184
0 314 161 344 248
0 283 191 321 281
0 268 152 291 220
0 243 98 260 152
0 204 103 218 152
0 155 108 169 155
2 112 179 224 448
0 123 174 165 257
0 438 189 475 273
0 482 204 503 278
0 445 267 496 379
0 374 248 424 361
0 359 187 392 272
0 312 188 352 290
0 294 147 321 221
0 227 154 268 243
0 251 221 290 356
0 202 153 225 236
0 196 134 218 199
0 172 139 193 211
0 154 131 172 199
2 192 100 274 205
1 120 227 240 438
0 357 339 417 499
0 397 245 450 352
0 256 241 292 368
0 257 142 286 215
0 302 128 336 190
1 186 106 254 169
0 162 137 183 221
1 102 125 149 207
1 222 100 278 158
0 480 206 503 283
0 120 248 156 378
0 220 130 245 206
0 376 150 402 214
0 480 207 501 282
1 392 276 511 453
0 195 129 216 206
0 152 128 168 190
0 114 142 132 213
0 318 182 358 271
0 371 158 395 225
0 445 181 475 251
0 480 206 498 279
0 337 288 396 444
0 280 300 340 486
1 380 123 440 178
0 213 98 232 150
1 103 133 153 221
0 148 126 163 192
0 244 137 265 211
0 259 121 287 189
1 172 108 237 217
0 302 327 357 511
0 480 204 502 285
0 434 303 491 423
0 479 206 501 283
0 446 177 474 251
1 385 126 450 189
0 316 124 349 182
0 280 130 309 189
0 275 288 331 474
0 102 327 167 492
1 115 108 158 177
1 131 74 162 121
0 196 86 208 130
0 226 100 246 152
0 447 178 476 253
0 481 201 500 288
0 263 127 285 190
1 330 124 402 187
0 164 107 181 160
0 150 152 169 233
0 165 128 182 192
0 146 114 160 177
0 125 135 146 199
0 106 262 141 387
0 122 334 191 504
0 222 201 258 324
0 173 117 192 174
0 322 194 358 278
0 335 255 388 371
0 361 324 420 499
0 369 201 408 292
0 481 206 502 281
0 222 108 241 162
0 212 95 231 144
0 482 207 502 284
0 445 179 475 253
0 412 309 471 440
0 358 224 399 327
0 353 320 415 492
0 342 407 416 511
0 240 204 283 339
0 209 327 279 511
0 173 143 193 223
0 182 113 197 174
0 234 126 254 189
0 273 135 292 199
1 302 126 381 186
1 124 115 144 167
0 481 206 502 283
0 374 125 398 169
0 307 177 340 270
0 416 329 476 471
0 392 381 466 511
0 278 290 328 443
0 268 198 304 315
0 220 103 236 152
0 202 101 218 155
0 164 103 178 153
0 95 137 120 193
2 112 177 224 446
0 258 143 288 218
0 218 110 236 164
0 197 93 212 133
0 153 100 167 149
0 334 122 358 179
0 480 205 500 279
1 210 93 254 147
0 478 201 502 285
0 454 318 511 446
0 439 365 506 506
0 386 390 456 511
0 277 345 341 511
0 336 250 387 362
0 308 192 345 278
0 278 180 310 270
0 264 153 292 223
0 225 135 248 207
0 222 115 240 169
0 195 114 212 172
0 152 131 169 201
0 162 179 188 284
0 210 229 249 399
1 290 140 402 233
1 227 96 276 159
0 482 207 500 290
1 374 140 431 216
0 302 176 337 260
0 235 140 255 205
0 204 97 219 151
0 188 104 204 158
1 225 105 280 159
0 222 253 261 399
0 128 347 177 511
0 55 344 109 511
0 98 165 122 240
0 114 136 138 193
0 480 205 502 283
0 385 164 407 244
0 343 180 378 269
0 311 186 348 283
0 334 231 381 352
0 314 340 384 511
0 283 150 308 231
0 260 124 293 184
0 249 141 266 209
1 225 96 280 159
0 215 130 239 190
0 219 211 255 343
0 172 231 209 352
0 72 263 114 401
0 174 150 203 238
0 186 118 203 177
0 143 133 161 201
0 126 120 140 179
0 45 335 106 500
0 111 176 133 235
0 89 145 110 219
0 122 120 139 170
0 148 115 159 187
0 160 135 179 210
0 167 117 184 179
0 192 189 225 297
0 186 126 222 194
0 234 142 269 214
0 232 130 259 187
0 203 113 219 179
1 226 98 276 161
0 276 123 313 176
1 308 132 390 195
0 362 175 384 258
0 382 228 418 365
0 340 243 390 348
0 351 273 403 403
0 393 330 468 472
0 399 281 466 403
1 393 252 511 413
0 447 332 503 466
0 281 286 349 481
1 249 174 348 292
0 118 208 236 480
0 482 206 503 280
0 47 338 97 501
1 119 204 239 476
0 170 182 208 286
0 156 137 180 211
0 141 115 156 174
0 245 258 300 405
0 399 322 465 457
0 473 341 511 437
0 362 246 412 364
0 356 203 401 279
0 482 206 503 283
0 288 204 331 317
0 312 182 342 283
0 288 160 320 226
0 319 153 354 226
0 242 164 277 250
0 251 146 273 215
0 257 137 281 208
0 248 114 282 174
0 209 135 231 207
0 210 115 227 164
0 227 113 245 174
0 183 118 200 182
1 223 100 278 157
0 167 104 179 161
0 48 335 101 464
0 124 216 162 359
0 108 149 128 230
0 91 140 108 217
0 210 174 233 276
0 212 130 230 197
0 182 132 201 203
0 179 118 190 184
0 190 100 207 172
0 170 103 184 151
0 220 105 240 163
0 258 123 282 183
0 346 148 378 209
0 390 127 420 174
0 480 206 502 278
0 374 241 419 352
0 442 305 502 409
1 404 383 511 511
1 404 255 511 406
1 252 169 340 278
0 344 177 368 278
1 224 99 276 162
1 126 115 181 222
0 41 344 95 511
0 386 163 404 243
0 481 204 502 285
0 306 158 330 252
0 233 137 256 212
0 224 120 243 184
1 222 98 277 158
0 198 95 213 146
0 180 104 198 164
0 170 114 191 177
0 183 86 196 137
0 136 104 158 162
0 124 125 140 191
0 153 94 166 150
0 354 125 382 176
0 372 192 396 285
0 334 185 360 278
0 480 206 501 284
0 422 252 472 355
0 380 249 434 348
0 370 260 430 376
0 280 209 323 324
0 276 145 296 211
0 310 127 339 179
0 247 125 269 179
0 226 131 267 203
0 211 115 234 173
0 160 137 178 211
0 137 112 150 162
0 186 96 204 147
0 173 98 186 144
1 220 100 278 162
0 480 205 500 281
0 436 238 473 347
0 397 246 451 364
0 360 155 381 240
0 305 184 340 281
0 177 223 206 351
1 198 184 301 326
0 232 123 251 183
1 224 98 277 163
0 194 124 214 192
0 162 180 186 261
0 146 141 166 209
0 118 161 142 238
0 175 112 190 168
0 153 113 169 179
0 393 257 442 371
0 482 206 500 285
1 378 146 432 213
0 360 176 386 252
0 326 302 387 476
0 316 207 356 299
0 282 166 318 253
0 302 157 325 229
0 281 123 302 184
0 256 137 279 195
0 258 167 286 253
0 237 137 266 211
0 219 211 261 317
0 201 108 226 164
0 160 111 174 167
0 169 123 188 199
0 179 147 205 240
0 133 111 150 163
0 138 146 160 218
0 141 192 173 301
0 97 164 124 241
0 57 385 107 511
1 199 313 357 511
1 220 98 277 155
0 44 366 96 511
1 119 204 238 478
0 242 246 288 411
0 292 406 362 511
0 342 245 413 368
0 481 206 502 285
0 282 178 318 273
0 293 160 323 240
0 120 133 140 208
0 136 105 151 158
0 216 135 243 213
0 243 140 270 216
0 260 132 290 196
0 211 105 236 161
1 220 99 278 154
0 188 100 204 157
0 173 88 188 137
0 371 123 402 174
0 51 270 100 433
0 258 327 318 511
1 119 204 239 477
0 163 150 187 226
0 225 181 255 284
0 250 146 276 222
0 266 137 287 209
1 194 102 257 179
1 231 98 277 157
1 144 98 191 174
0 106 115 124 174
0 122 103 132 158
0 290 168 319 248
0 320 177 352 262
0 343 166 371 247
1 302 128 377 195
0 479 206 502 282
1 372 299 511 497
0 83 132 102 193
0 104 123 125 192
0 162 136 180 209
0 156 123 176 176
1 168 103 219 166
0 217 99 230 155
0 225 129 249 198
0 234 119 258 191
0 261 137 285 200
0 266 155 296 229
0 290 150 318 224
0 289 120 322 181
1 225 103 278 152
0 318 167 348 258
0 296 177 347 283
0 343 219 386 334
0 313 235 360 349
0 280 258 330 439
0 386 271 448 398
0 409 251 456 354
0 430 239 471 341
0 480 202 501 285
0 420 371 497 511
0 107 160 130 245
0 116 103 124 155
0 126 105 140 155
0 178 130 200 201
0 204 105 219 152
0 204 137 225 207
0 224 118 244 168
1 223 99 280 160
0 248 137 272 212
0 316 122 346 173
0 299 175 331 265
0 344 218 385 327
0 482 206 503 278
0 47 322 92 501
0 232 362 296 511
0 400 398 468 511
0 406 322 472 440
0 409 280 459 374
1 425 280 511 423
0 234 175 265 290
0 206 184 236 290
1 111 143 186 238
0 480 200 500 282
0 387 166 406 243
0 324 123 354 175
0 280 121 315 182
0 249 122 282 172
1 223 98 276 162
0 222 121 240 181
0 206 89 222 142
0 322 282 378 430
0 240 160 266 253
0 230 179 259 273
0 164 120 186 201
0 172 108 187 162
0 46 368 103 511
1 118 201 230 386
0 49 310 94 501
0 136 173 163 208
1 121 203 238 476
0 235 250 271 390
0 203 172 233 277
0 186 136 209 211
0 184 92 200 141
0 136 105 149 159
0 119 111 134 167
0 107 88 116 133
1 136 79 160 123
0 126 92 137 134
0 241 128 264 201
0 284 119 318 178
0 295 171 327 259
0 342 128 376 182
0 337 120 362 172
0 412 295 473 428
0 480 204 500 283
0 467 315 511 420
0 332 236 380 350
0 431 236 470 341
0 481 200 498 283
0 259 270 308 418
0 270 403 339 512
0 244 182 274 278
0 252 157 280 238
0 237 137 259 206
0 225 120 245 177
0 206 124 227 192
0 193 103 207 151
0 183 87 196 135
1 222 98 275 158
0 250 116 281 170
0 107 177 130 276
0 478 202 500 280
0 340 216 383 327
0 287 258 330 403
0 244 257 284 406
0 233 172 258 273
0 248 132 272 197
0 204 96 222 157
1 222 104 278 157
1 148 175 174 273
0 118 158 141 241
0 48 334 100 449
0 187 388 255 511
0 316 403 395 511
0 272 250 316 407
0 341 185 368 296
0 366 206 400 289
0 378 246 424 336
0 481 202 501 278
1 396 258 510 405
1 340 312 511 510
0 447 151 469 206
0 344 128 381 175
0 234 169 260 268
0 200 164 227 260
0 191 137 213 213
0 170 123 188 192
0 178 109 191 174
0 107 144 131 227
0 92 139 109 216
1 130 122 184 245
1 230 137 300 225
0 218 103 242 162
1 228 99 278 155
0 193 86 208 133
0 478 196 501 268
0 429 238 472 342
0 388 153 415 216
0 373 186 393 266
0 310 201 343 297
0 296 238 329 363
0 275 182 301 278
0 292 152 322 230
1 222 94 276 155
1 207 135 280 221
0 152 138 175 220
0 116 109 128 164
0 129 105 144 156
0 145 93 159 132
0 156 115 168 174
0 163 132 182 205
0 177 127 194 193
0 192 124 214 190
0 220 126 242 199
0 248 132 268 196
0 315 124 347 173
0 480 205 504 277
0 290 157 317 233
0 260 152 292 238
1 233 101 279 154
1 189 111 256 172
0 134 192 162 307
0 189 206 216 314
0 195 173 220 255
1 293 225 416 371
1 410 266 511 405
0 432 333 494 454
0 447 406 511 509
1 269 338 462 511
0 200 333 251 511
0 46 324 98 500
0 93 147 113 225
0 159 104 169 139
0 40 344 94 511
0 134 125 150 182
0 171 146 196 228
0 223 127 244 196
0 235 120 252 174
0 255 141 284 209
0 308 150 344 221
0 377 134 400 190
0 316 209 358 310
0 336 192 369 293
0 479 207 504 281
0 430 300 494 432
0 356 287 420 415
0 346 120 367 170
1 274 125 352 195
1 224 103 276 153
1 173 96 221 152
1 118 204 238 481
0 50 338 97 452
1 120 202 240 476
0 140 156 183 226
0 247 176 274 264
0 269 160 296 241
0 252 136 280 192
0 285 125 322 184
0 274 121 298 193
1 224 100 281 157
0 200 91 214 140
0 178 99 193 145
0 365 130 396 179
0 481 204 501 286
0 440 263 495 381
0 380 279 440 398
0 480 208 502 283
0 332 288 390 442
0 328 391 401 511
0 237 233 279 376
0 357 149 377 221
0 387 171 408 246
0 410 150 428 205
0 266 132 289 196
0 253 155 282 231
0 212 172 236 268
1 212 118 240 179
1 223 98 278 158
0 167 116 183 181
0 148 143 169 224
0 104 120 129 167
0 371 243 419 366
0 480 206 499 283
1 374 148 437 215
0 294 242 343 386
0 205 211 242 322
0 222 155 248 246
0 204 110 226 174
0 242 122 271 178
1 222 100 276 158
0 165 130 186 199
0 156 109 166 166
0 98 167 124 243
0 60 354 121 511
0 129 365 182 511
0 194 307 248 494
0 47 312 112 500
0 107 147 129 223
0 130 128 149 191
0 228 165 273 253
0 255 150 280 231
0 256 137 278 202
0 200 121 219 177
0 186 110 200 159
0 166 108 180 141
0 152 108 164 151
0 140 114 156 178
0 120 108 132 165
0 199 93 214 140
0 224 107 243 162
1 224 100 279 157
1 151 133 216 228
0 284 132 326 196
0 336 120 365 175
0 342 167 373 229
0 373 125 404 172
1 419 137 466 187
1 304 221 452 392
0 444 259 475 375
0 481 205 500 283
1 119 204 238 476
0 319 121 348 171
0 298 135 335 192
0 479 205 501 280
0 300 425 388 511
0 192 325 241 511
0 130 300 169 452
0 49 327 97 501
0 95 145 112 227
0 134 156 160 233
0 162 145 180 217
0 140 132 154 178
0 157 107 170 160
0 170 97 183 140
0 193 112 212 176
0 207 108 227 157
0 243 148 266 187
1 221 98 279 152
1 199 173 301 307
0 444 135 460 177
1 224 100 280 160
1 138 98 192 155
0 132 110 145 169
0 157 140 180 221
0 201 98 216 152
0 227 139 251 220
0 235 125 255 194
0 302 192 337 297
0 232 278 278 426
0 383 120 405 172
0 398 135 419 183
0 480 202 502 287
0 430 240 472 338
0 424 265 465 408
0 478 205 500 285
0 383 164 405 232
0 323 124 354 174
0 299 167 327 243
0 324 189 364 279
0 226 212 263 335
0 220 157 264 227
0 210 132 233 199
0 224 117 244 184
0 196 118 212 177
1 176 97 225 157
1 224 100 275 163
0 186 152 205 231
0 172 174 199 280
0 189 232 224 374
0 127 215 162 350
0 101 150 130 231
0 140 128 159 199
0 131 108 142 161
0 330 399 398 511
0 113 113 128 173
0 120 96 132 144
0 135 91 146 137
0 152 96 167 144
0 180 100 194 155
0 367 167 392 240
0 480 206 501 282
0 48 325 96 502
0 434 351 497 490
0 406 275 461 382
0 317 125 346 175
0 232 115 263 169
1 226 98 278 160
0 94 145 115 222
2 125 84 206 173
1 90 201 239 478
1 207 110 263 182
1 224 99 278 157
0 291 161 321 250
0 341 168 363 255
0 378 158 401 224
0 370 122 403 172
0 355 221 399 334
0 480 207 502 283
0 277 130 294 200
0 264 142 292 219
0 272 120 293 168
0 479 200 503 287
0 429 241 472 342
0 318 253 351 386
0 292 201 330 300
0 181 257 227 408
0 153 149 174 221
0 108 180 130 273
0 140 109 154 174
0 181 110 199 166
0 192 98 206 148
0 221 120 241 177
0 240 119 276 178
1 222 102 278 160
0 40 342 95 509
0 480 208 501 285
0 361 238 404 349
0 391 209 429 305
0 354 125 383 176
0 296 152 327 234
0 277 173 307 260
0 249 173 282 278
0 258 141 286 205
0 232 122 251 178
1 222 98 278 160
0 210 98 220 144
0 201 101 218 159
0 193 174 223 278
0 190 140 213 220
0 184 91 200 141
0 183 78 194 112
0 146 103 162 159
0 145 89 157 133
0 132 83 146 123
0 44 334 94 455
0 218 215 250 347
0 280 282 326 450
0 330 420 400 511
0 335 277 384 433
1 400 253 511 413
0 483 209 501 279
0 271 159 295 243
0 217 159 241 243
0 239 126 260 197
0 267 117 292 175
0 249 117 276 174
0 214 106 230 160
0 196 105 213 165
0 186 107 204 173
0 167 120 194 177
0 120 187 139 270
0 95 146 112 216
1 125 113 176 214
1 218 98 278 152
0 348 208 388 322
0 478 204 501 282
0 399 270 456 389
0 386 164 406 240
0 352 207 395 297
0 323 123 355 176
0 280 158 314 247
0 270 226 320 340
0 240 257 275 403
0 227 170 259 265
0 232 126 255 179
0 220 100 234 154
1 224 100 277 162
0 202 111 220 169
0 187 96 201 145
0 158 128 174 210
0 184 152 204 228
0 179 188 208 304
0 156 217 185 331
0 42 368 106 511
0 479 204 502 281
0 431 241 472 342
0 427 358 496 511
0 296 189 330 290
0 290 155 318 228
0 265 155 286 238
0 255 130 271 201
0 224 113 247 158
0 224 140 248 205
0 221 169 249 262
0 248 234 284 373
0 178 247 222 386
0 199 116 226 179
0 186 101 202 152
0 163 130 184 192
0 166 155 201 242
0 142 116 161 166
0 108 116 139 169
1 222 98 277 160
0 165 100 181 143
1 116 91 172 133
0 376 152 395 211
0 480 205 500 278
1 458 264 511 396
0 394 298 443 418
1 291 312 478 511
0 250 203 282 315
0 224 204 258 328
0 184 260 223 408
0 119 164 140 231
0 192 145 209 215
0 176 127 192 195
0 242 138 266 201
0 180 105 196 157
0 160 107 175 156
0 141 118 159 172
1 224 102 278 155
0 40 369 104 509
0 478 209 503 280
0 428 292 485 413
0 386 227 425 338
0 316 269 376 404
0 291 327 354 510
0 162 154 181 216
0 160 120 176 171
0 194 91 204 133
0 241 118 259 178
0 271 133 300 187
1 296 128 371 185
1 256 177 368 306
0 205 183 236 289
0 218 146 252 218
1 121 204 237 477
1 225 102 277 158
0 43 364 100 511
0 306 312 365 492
0 480 206 502 283
0 300 209 350 320
0 319 184 356 274
0 338 179 368 267
0 350 128 370 190
0 312 137 354 192
0 306 157 343 221
0 284 145 310 219
0 250 127 283 179
0 254 116 283 170
0 256 155 288 251
0 224 146 252 219
0 210 169 241 273
0 212 121 233 179
1 222 97 280 158
0 203 108 220 162
0 189 98 204 150
0 173 124 200 180
0 176 150 197 229
0 149 138 170 212
1 120 199 238 489
0 45 342 96 506
0 240 349 283 511
0 293 329 350 509
0 377 382 446 511
0 430 307 492 434
1 398 252 511 411
0 480 210 502 282
0 438 150 464 195
0 391 146 411 209
0 288 157 312 217
0 288 187 318 276
0 295 261 344 405
0 326 224 371 344
0 341 213 378 312
0 112 169 133 243
0 91 145 108 222
0 161 138 181 211
0 180 119 196 184
0 192 131 214 208
0 212 128 232 201
0 206 106 229 153
0 250 149 276 228
1 226 98 276 159
1 116 206 236 480
0 164 108 176 160
0 150 100 166 157
0 480 206 501 285
0 418 335 480 478
0 476 310 509 471
0 429 239 472 337
0 356 241 393 352
0 336 302 403 465
0 312 364 384 511
0 270 253 324 405
0 267 160 298 240
0 382 129 404 174
0 260 132 280 195
1 218 98 273 156
0 214 120 236 186
0 186 142 206 228
0 160 154 181 243
0 148 113 160 168
0 181 123 196 183
0 190 106 205 157
0 309 308 370 492
0 379 256 432 376
0 470 398 511 503
0 480 206 502 283
0 314 216 352 329
0 316 174 352 267
0 268 162 299 250
0 371 124 400 176
0 254 127 281 195
0 217 211 261 336
0 116 152 135 216
0 148 145 167 206
0 165 127 187 202
0 170 110 189 171
0 146 113 164 161
0 153 93 168 135
0 134 96 149 146
0 199 104 215 162
0 214 105 232 157
0 193 89 207 132
1 220 100 277 159
0 170 88 183 128
0 198 155 227 248
0 171 161 198 251
0 132 181 168 258
0 120 160 136 233
0 389 263 417 374
0 480 206 503 281
0 244 136 282 205
0 266 123 293 179
0 233 120 254 176
1 224 99 278 167
0 190 147 211 224
1 194 216 331 420
0 347 253 400 380
0 350 219 386 300
0 383 199 407 306
0 434 307 486 428
1 423 273 511 428
0 480 199 503 274
0 394 133 420 181
0 317 122 347 174
0 302 172 338 251
0 275 132 294 199
0 246 164 276 237
0 240 133 262 195
0 144 144 163 220
0 49 318 95 501
1 94 113 140 187
0 127 103 141 155
0 170 108 178 169
0 160 126 172 186
0 144 109 158 157
0 194 102 215 147
0 212 93 220 146
1 223 100 278 147
0 228 108 251 168
0 162 254 202 411
0 102 159 124 241
0 146 162 164 245
0 143 121 156 179
0 137 99 149 142
0 166 128 185 192
0 160 95 176 147
0 191 123 210 182
0 216 105 234 154
0 193 86 204 129
0 360 143 384 194
1 377 145 442 220
0 481 203 501 275
0 457 260 510 364
0 458 305 509 413
0 418 296 467 414
0 447 379 510 510
0 367 226 402 337
1 221 99 273 156
1 241 149 343 278
1 184 181 284 331
0 255 138 276 205
0 403 157 431 213
0 478 205 502 278
0 314 122 349 174
0 283 109 299 168
1 222 101 278 155
1 137 93 180 147
1 135 133 197 230
0 117 106 128 170
0 45 319 96 504
0 300 275 361 453
0 384 389 458 511
1 420 268 511 361
0 361 191 388 300
1 401 326 511 511
0 43 364 96 511
0 372 124 396 169
0 395 134 419 196
0 480 203 504 276
0 213 243 252 374
0 292 351 355 511
0 421 297 485 431
0 342 295 402 446
0 332 233 381 331
0 340 210 388 280
0 324 163 360 251
0 277 158 310 244
0 260 241 309 374
0 192 174 224 278
0 187 134 209 204
0 155 143 181 217
0 147 115 160 170
0 170 114 188 184
1 118 205 240 482
1 190 110 270 200
1 229 102 278 150
0 480 206 501 282
0 438 305 494 435
0 328 189 362 274
0 308 196 344 296
0 294 218 340 325
0 259 211 298 344
0 266 159 291 229
0 284 135 312 192
0 252 130 272 195
0 236 142 259 210
0 233 162 256 263
1 223 99 276 160
0 200 115 222 174
0 186 133 218 203
0 162 162 186 246
0 158 128 175 199
0 121 134 141 206
0 100 153 119 231
0 126 260 172 413
0 196 246 239 380
0 480 207 502 282
0 432 239 471 342
0 310 130 326 201
0 281 182 316 273
0 251 258 299 418
1 223 98 277 159
0 190 86 200 128
0 141 113 158 169
0 171 189 221 305
0 196 165 226 258
0 154 144 179 210
0 171 129 190 198
0 153 111 166 167
0 178 96 192 147
0 91 145 106 209
0 125 94 136 145
0 213 84 225 118
1 195 108 257 172
1 230 99 278 155
1 120 201 239 475
0 267 121 291 171
0 246 170 283 258
0 480 201 501 284
0 275 134 297 192
0 386 304 457 440
0 282 159 312 236
0 48 334 102 455
0 294 189 333 271
0 285 238 326 380
0 269 280 328 482
0 344 234 386 344
0 330 162 365 243
1 377 218 440 329
0 447 153 468 202
0 412 150 432 203
0 380 174 404 264
0 439 301 490 430
0 290 214 334 313
1 379 148 437 222
0 453 188 470 269
0 481 202 499 283
0 329 128 360 179
0 328 211 374 308
0 258 157 284 236
1 222 102 278 160
0 191 95 206 142
0 147 114 161 167
0 157 151 179 236
0 99 164 126 243
0 128 371 185 511
0 35 393 91 511
0 39 362 104 512
1 119 205 239 478
0 227 226 263 360
0 200 160 227 260
0 164 145 186 216
0 116 152 138 215
0 151 119 167 188
0 180 126 199 206
0 165 105 178 164
0 198 119 219 184
0 211 111 228 163
1 216 100 277 157
0 189 98 202 142
0 198 94 214 133
0 371 121 400 173
0 325 226 370 332
0 361 226 402 330
0 313 329 396 511
0 426 308 488 428
0 476 209 501 285
0 137 95 153 145
0 176 88 189 137
0 479 204 500 286
0 467 285 510 404
0 416 250 467 356
0 410 300 474 419
0 402 329 476 478
0 329 258 381 387
0 329 202 363 305
0 288 359 357 511
0 385 126 408 176
0 270 147 296 226
0 258 177 289 264
0 244 147 272 223
0 188 172 226 258
1 232 98 278 156
1 184 96 239 179
0 114 155 131 231
1 109 112 133 177
0 176 259 215 425
0 51 325 99 495
1 400 253 511 405
0 479 207 504 279
0 340 286 404 428
0 360 209 391 307
0 330 215 368 327
0 330 167 352 248
0 299 152 322 236
0 279 199 303 300
0 163 158 184 241
0 122 167 145 241
0 93 145 110 221
0 126 118 141 174
0 140 108 160 156
0 192 114 226 169
1 154 86 197 137
1 226 101 277 154
1 221 145 300 247
0 316 125 351 173
0 35 359 104 511
0 134 91 148 130
0 184 91 200 135
0 212 105 232 155
0 249 136 278 195
0 370 152 386 217
1 295 129 370 193
0 388 200 426 290
0 443 273 486 385
0 430 307 484 442
0 189 186 220 304
0 196 174 239 268
0 211 147 241 209
0 355 192 381 288
1 254 167 363 300
1 118 204 238 477
0 483 206 502 284
1 222 100 281 157
0 154 118 169 169
0 443 324 502 446
0 349 401 420 511
0 331 297 389 438
0 377 155 399 233
0 480 206 502 280
0 316 123 347 177
0 284 167 317 247
0 319 203 364 305
0 297 240 340 374
0 267 275 325 433
0 234 302 278 477
0 243 199 275 306
0 186 287 227 443
0 154 352 202 511
0 49 322 98 492
0 145 205 170 326
0 188 153 213 246
0 261 145 288 220
1 206 124 298 183
1 225 101 276 149
0 174 111 192 174
0 121 151 140 229
0 118 130 133 184
0 124 102 137 152
0 150 93 162 136
0 190 97 207 146
1 422 275 511 423
0 480 208 502 284
0 431 246 469 339
0 410 290 466 413
0 372 168 395 233
0 380 146 405 202
0 322 204 369 283
0 328 235 374 350
0 276 207 309 322
0 256 168 281 260
0 266 150 291 233
0 254 131 278 188
0 234 142 256 219
0 214 118 236 175
0 203 118 218 178
0 190 108 204 158
0 207 154 230 244
0 196 189 226 301
0 182 290 224 454
1 222 99 277 158
0 42 336 100 499
0 447 162 481 224
0 482 204 502 284
1 399 253 511 399
0 371 216 397 295
0 347 186 375 267
0 323 188 350 272
0 91 144 110 231
0 112 166 134 221
0 137 147 161 207
0 181 192 209 289
0 170 132 190 214
0 184 131 212 208
0 157 115 177 179
1 174 86 213 132
0 210 106 225 170
0 227 113 253 166
0 230 133 254 205
0 246 160 287 249
0 220 185 257 304
1 223 100 281 157
0 269 129 308 175
0 278 143 307 205
0 294 162 327 238
0 289 179 318 268
0 354 137 388 192
1 281 258 511 511
1 120 204 239 478
0 39 363 108 511
0 237 349 291 512
0 272 222 314 359
0 444 254 493 365
0 479 204 500 285
0 387 167 405 241
0 383 153 421 215
0 350 142 371 202
0 360 123 382 172
0 252 130 276 196
0 234 116 266 171
0 216 132 242 220
0 166 143 188 228
0 195 115 214 177
0 166 96 182 147
0 148 100 167 158
0 106 157 136 246
0 478 204 500 285
0 399 273 452 389
0 386 169 407 236
0 323 124 353 179
0 298 164 328 246
0 296 233 344 369
0 227 118 245 177
0 196 108 222 164
1 224 101 277 163
0 385 126 410 169
1 104 204 232 385
0 38 368 108 511
0 142 105 156 161
0 479 209 501 283
0 384 169 408 238
0 348 125 373 175
0 311 128 346 191
0 266 144 294 220
0 218 108 235 170
1 224 96 277 161
0 228 185 263 301
2 96 204 232 387
0 192 91 206 140
0 146 106 162 164
0 109 142 136 213
0 42 364 108 511
0 47 335 99 453
0 243 287 290 464
0 464 366 511 504
0 389 273 450 405
1 399 257 511 409
0 481 201 502 278
0 381 192 398 288
0 366 177 386 241
0 351 209 390 324
0 323 155 345 230
0 314 116 357 182
0 228 190 264 316
0 194 162 217 258
0 178 128 200 194
0 108 137 126 220
0 92 144 108 215
1 125 143 182 299
1 99 123 156 182
1 244 177 336 285
1 228 102 280 162
1 192 100 239 164
0 481 205 501 283
0 46 327 95 505
0 437 343 503 475
1 404 252 511 410
0 381 256 434 374
0 328 192 359 283
0 317 125 347 176
0 405 131 427 184
0 305 228 346 341
0 294 196 324 272
0 266 187 295 292
0 250 265 296 410
0 242 130 266 192
0 219 128 241 193
0 208 117 228 166
0 192 113 207 175
0 169 102 183 157
0 161 123 174 187
0 95 145 114 219
1 88 103 151 143
1 111 86 156 117
1 229 97 279 157
0 482 201 500 278
0 463 303 511 418
0 330 187 370 255
1 374 146 443 212
1 322 241 454 397
1 197 217 314 405
0 174 379 229 511
0 180 151 201 234
0 180 125 199 192
0 228 135 250 200
0 215 113 232 170
0 209 105 226 154
0 250 130 272 189
0 263 157 291 221
1 222 99 275 160
0 102 166 125 243
0 138 119 154 177
0 41 340 97 511
0 115 155 138 226
0 208 300 254 465
0 220 218 256 345
0 217 183 248 276
1 246 201 370 339
0 376 211 413 312
0 406 273 469 376
0 433 323 497 452
0 481 206 502 285
0 370 123 401 174
0 247 136 280 211
0 262 128 284 192
0 232 113 254 170
0 214 113 235 177
0 211 97 228 140
0 197 115 218 183
0 186 162 212 260
0 152 167 179 272
0 161 127 178 192
1 218 99 279 160
0 188 98 203 150
0 188 85 201 133
0 171 100 187 154
0 173 89 186 130
0 154 104 170 160
0 154 96 167 135
1 163 78 194 122
0 130 103 145 167
0 388 167 408 241
0 367 154 388 212
0 479 207 499 283
0 295 200 330 301
0 301 180 333 263
0 338 398 411 511
0 198 241 236 369
0 157 162 177 258
0 121 140 138 209
0 182 140 203 217
0 152 139 174 211
0 214 132 237 204
0 248 154 275 231
0 234 120 254 186
0 196 112 220 173
0 279 123 316 179
1 218 100 278 160
0 301 396 405 511
0 244 221 296 373
0 42 324 96 499
0 143 161 167 249
0 171 135 191 215
0 116 128 134 193
0 93 145 112 221
0 278 132 298 200
0 256 174 286 263
0 255 130 277 191
0 306 152 330 225
0 337 134 369 189
0 318 126 348 173
0 472 209 503 271
1 400 260 511 406
0 431 320 492 448
0 374 312 443 463
0 348 219 394 337
1 191 124 258 204
1 225 101 277 152
0 142 97 157 154
1 145 88 190 132
0 116 152 136 237
0 153 126 170 190
0 159 158 187 226
0 176 110 196 169
0 205 130 222 189
0 206 155 233 245
0 228 201 254 307
0 222 118 253 180
0 264 132 280 187
0 244 147 271 219
0 316 127 345 177
0 374 131 400 182
0 478 206 503 280
0 359 181 386 263
0 314 203 350 299
0 286 153 310 228
0 269 167 301 253
1 226 100 279 162
0 198 117 212 179
0 44 325 96 462
1 140 203 225 381
1 421 276 511 408
0 409 282 462 398
0 473 380 511 495
0 362 310 416 480
0 275 260 324 427
0 131 119 144 178
0 477 204 499 280
0 436 238 472 342
0 410 246 448 374
0 356 250 409 353
0 358 292 415 421
0 346 171 367 238
0 384 126 404 171
0 254 162 280 247
0 218 248 258 393
0 190 167 212 258
0 157 128 174 191
0 108 154 130 228
0 177 115 235 188
1 226 100 276 157
0 480 205 502 285
0 386 164 406 237
0 359 150 378 214
0 334 120 361 175
0 232 123 250 192
1 222 100 275 162
0 185 152 214 251
0 163 120 180 182
0 148 174 171 273
0 193 91 210 142
0 128 317 174 477
0 44 370 105 511
0 259 354 322 511
0 348 345 412 511
0 480 204 502 284
0 433 238 471 344
0 237 152 267 234
0 241 130 261 189
0 165 128 179 196
0 160 163 179 251
1 221 101 278 163
0 478 206 500 286
0 465 347 511 475
0 434 276 488 385
0 380 275 435 400
0 343 290 389 438
1 380 145 432 218
0 355 133 376 182
0 285 152 307 228
0 275 120 304 176
0 240 121 267 179
0 219 126 251 192
0 206 100 221 153
0 200 141 224 219
1 166 166 209 273
0 146 157 168 241
0 125 251 156 353
0 100 164 128 246
0 146 125 161 187
0 177 123 194 181
1 214 101 273 160
0 160 99 174 146
0 367 199 401 282
0 481 200 501 283
0 454 358 511 497
0 402 379 468 511
0 290 385 359 511
0 353 236 402 345
0 276 182 309 273
0 260 226 301 353
1 223 100 276 158
0 190 140 213 228
0 156 121 175 189
0 122 164 140 228
0 480 204 502 281
0 314 190 348 278
0 293 208 336 308
0 279 154 306 226
0 265 128 284 192
0 243 131 265 194
0 208 135 230 205
0 190 169 215 266
0 117 160 141 230
0 131 301 172 476
0 122 100 138 155
0 188 98 201 140
1 220 99 279 157
0 481 204 500 285
0 405 277 458 403
0 380 374 449 511
0 254 191 282 310
0 225 227 261 369
0 202 159 230 246
0 142 229 175 337
0 127 159 158 231
0 101 157 121 227
0 178 129 195 192
0 195 117 214 178
0 162 109 176 164
0 155 93 168 140
1 223 100 277 160
1 101 110 159 171
0 127 105 142 153
0 160 103 174 145
0 171 93 184 137
0 191 84 203 125
0 180 134 198 210
0 150 141 170 224
0 234 154 256 231
0 205 130 238 192
0 199 181 222 288
0 256 184 284 263
0 319 182 343 273
0 306 202 340 302
1 220 102 277 156
1 255 128 373 211
0 481 206 502 280
0 359 230 397 344
0 407 261 452 369
0 416 319 484 448
0 45 320 99 467
1 425 278 510 423
0 257 241 298 370
0 253 284 302 461
1 89 102 119 155
0 260 270 307 429
0 260 157 290 241
1 389 130 443 196
0 478 204 501 283
0 47 324 97 502
0 270 124 308 177
1 226 100 279 159
0 314 124 348 175
1 151 91 192 146
2 102 93 174 179
0 93 145 118 221
0 360 193 390 297
0 481 202 501 282
0 405 153 428 210
0 300 132 336 194
0 255 140 284 221
1 223 93 279 160
0 225 129 245 192
0 211 102 228 150
0 190 126 210 191
0 158 98 174 157
0 140 125 160 192
1 126 78 160 120
1 90 104 141 167
0 42 320 102 500
0 212 174 244 251
0 191 187 224 300
0 230 199 261 320
0 304 199 345 297
0 277 246 330 364
0 294 302 353 457
0 422 383 498 511
1 420 273 511 426
0 482 207 500 283
0 431 241 469 318
0 420 270 478 377
0 325 211 370 306
0 334 154 357 239
0 296 169 332 254
0 271 174 309 267
0 289 257 333 397
0 226 270 276 445
0 208 184 234 301
0 229 130 248 193
0 237 118 256 174
1 221 98 278 157
1 168 105 224 165
0 152 142 173 221
0 148 118 169 178
1 104 150 134 238
0 481 208 502 281
0 379 187 403 280
0 296 131 329 187
1 223 104 275 161
0 206 97 224 147
0 191 90 204 135
0 161 107 176 162
0 149 120 163 180
0 138 169 167 253
0 100 153 120 231
0 192 187 220 289
0 219 139 244 211
0 232 175 266 259
1 242 217 300 366
0 310 239 350 400
0 235 314 288 486
0 131 302 169 471
1 400 332 511 511
0 475 233 511 325
0 479 203 502 279
0 431 221 474 345
0 342 224 387 328
0 207 315 254 510
0 174 175 200 278
0 182 151 204 227
0 171 125 192 196
0 195 121 214 185
0 239 120 272 179
1 223 101 278 162
0 208 93 220 142
0 132 116 150 176
0 158 100 172 160
0 481 201 504 279
0 398 154 422 204
0 365 129 390 182
0 318 125 345 172
0 367 253 402 398
1 400 261 510 412
0 285 175 311 269
0 260 137 281 208
0 236 157 264 246
0 226 128 248 198
0 200 131 218 194
0 176 152 196 242
0 92 142 111 220
0 161 102 175 157
0 149 96 160 146
0 183 107 196 155
0 241 117 259 175
1 226 98 276 158
0 198 105 212 154
0 216 115 233 177
0 49 310 99 499
0 478 201 501 282
0 386 170 408 236
0 373 127 391 170
0 325 129 353 173
0 283 167 311 251
0 244 202 280 322
0 220 130 240 207
0 213 102 231 158
0 246 123 281 182
1 219 98 277 159
0 185 143 204 215
2 99 199 232 387
0 480 207 501 280
0 444 355 511 497
0 432 244 471 339
0 399 155 418 205
0 368 233 413 348
0 318 243 363 363
0 299 187 326 284
0 257 169 287 257
0 229 142 260 216
0 213 291 266 477
0 251 116 279 177
0 216 115 234 174
0 193 110 211 169
0 172 109 188 155
0 166 127 185 194
0 142 162 188 233
0 150 115 168 169
0 115 167 138 233
0 106 120 140 168
0 118 137 142 204
1 143 92 190 143
1 221 99 279 160
0 370 169 392 243
0 480 206 501 286
0 430 238 464 311
0 421 280 477 400
0 338 215 382 318
0 364 362 435 512
0 286 265 341 430
0 244 285 290 470
0 206 201 239 316
0 273 162 301 250
0 241 146 267 222
0 226 131 250 192
1 223 99 278 162
0 208 118 225 173
0 194 119 212 181
1 174 99 216 151
0 155 152 180 233
1 125 273 173 429
0 123 110 136 165
0 479 199 500 283
0 278 214 316 332
0 264 157 294 241
0 210 196 242 302
0 156 261 195 401
0 130 303 168 473
0 102 182 124 268
0 118 160 141 235
0 120 113 138 172
0 148 114 163 172
0 186 152 208 233
0 219 120 237 182
1 224 97 277 162
0 194 103 210 161
0 180 96 194 143
0 205 98 221 153
0 225 98 277 163
0 190 136 207 200
0 153 108 170 156
0 155 143 175 221
0 100 152 124 226
0 131 307 170 462
0 274 272 324 443
0 322 233 368 366
0 375 221 418 314
0 480 205 501 281
0 355 145 370 204
0 378 155 396 214
0 481 208 502 280
0 432 242 471 341
0 386 226 423 313
0 392 272 442 387
0 350 285 408 420
0 394 403 459 512
0 326 179 364 260
0 288 145 332 213
0 289 216 328 324
0 266 153 296 235
0 241 159 272 241
0 212 231 250 366
0 145 150 165 237
0 207 125 227 201
0 230 116 250 174
0 246 118 283 173
0 210 101 232 156
1 222 100 277 159
0 169 119 183 179
0 480 206 502 278
0 372 312 438 450
0 369 279 436 398
0 382 205 422 307
0 333 214 373 310
0 383 170 406 233
0 406 153 431 201
0 379 137 406 183
0 322 120 354 174
0 248 150 278 233
0 232 120 253 177
0 220 132 242 194
0 210 109 227 172
0 192 103 205 156
0 172 136 192 205
0 183 200 223 318
0 136 165 157 255
0 98 153 126 232
0 137 123 156 195
0 127 102 142 164
0 164 104 184 158
1 161 92 208 140
1 218 96 276 152
0 432 237 471 339
0 481 206 503 283
0 448 339 508 468
0 365 238 418 355
0 352 281 406 408
0 334 157 364 232
0 269 148 294 219
0 241 140 267 216
1 223 98 277 164
0 204 110 221 171
0 128 102 140 159
1 140 84 172 140
0 480 207 502 285
0 428 238 472 344
0 412 263 458 369
0 379 290 435 411
0 315 308 377 492
0 214 260 260 428
0 168 179 189 276
0 199 141 218 221
0 259 175 291 262
0 268 142 292 221
0 316 171 348 259
1 194 110 261 189
0 161 121 176 189
0 135 123 148 173
0 96 136 114 196
0 330 135 364 185
0 321 208 364 308
0 430 243 470 339
0 480 206 503 277
0 438 334 502 460
0 220 128 241 201
0 211 100 228 150
1 221 99 277 158
0 186 113 205 174
0 174 91 190 140
0 106 166 134 261
0 47 337 101 456
0 324 361 394 511
1 396 329 511 511
1 398 253 511 364
0 480 207 503 280
0 405 136 423 188
0 306 156 335 238
0 224 153 248 236
0 188 127 217 187
0 203 110 215 167
0 220 119 243 166
0 163 111 180 166
1 126 113 180 216
0 115 177 142 295
0 109 155 128 225
0 95 142 110 219
0 238 122 271 175
0 259 117 293 174
0 37 344 96 511
1 246 338 427 511
1 186 110 245 175
0 193 135 213 180
0 191 155 218 259
0 150 136 170 216
0 138 110 151 169
0 161 104 177 162
0 110 94 123 150
0 132 99 142 150
0 146 95 157 145
0 162 90 173 128
0 244 115 270 177
0 255 135 279 192
0 248 151 294 237
0 288 138 320 207
0 292 182 329 275
1 218 99 278 162
0 352 203 396 303
0 364 150 384 226
0 353 124 381 171
0 479 206 502 284
0 482 204 501 281
0 359 135 389 200
0 319 124 346 174
0 333 172 357 262
0 301 160 324 243
0 281 180 313 269
0 336 265 385 395
0 368 214 389 312
0 381 258 438 374
1 400 253 510 413
0 259 148 282 221
0 235 145 259 221
0 210 144 238 216
0 161 145 181 222
0 142 108 154 172
0 95 143 111 221
0 104 129 116 189
0 161 116 178 172
0 189 125 203 177
0 213 117 227 170
0 266 116 299 184
1 229 96 274 158
0 48 317 107 503
0 480 199 503 285
0 469 325 511 459
0 380 323 442 470
0 292 174 325 267
0 220 232 253 363
0 128 306 168 470
0 100 183 127 273
0 199 140 223 215
0 177 103 197 156
0 120 112 139 167
1 221 103 277 158
0 202 111 221 164
0 480 204 502 284
1 378 144 438 219
0 292 150 318 224
0 316 194 360 277
0 346 248 396 361
0 245 305 302 480
0 242 143 264 214
0 181 153 198 234
0 190 137 213 214
0 201 108 215 160
0 220 106 237 164
0 241 113 271 175
1 225 95 278 158
0 102 164 123 241
0 109 113 123 166
0 481 210 501 282
0 380 302 435 413
0 391 379 468 511
0 328 211 365 315
0 305 225 349 334
0 263 167 294 255
0 222 241 263 381
0 206 118 225 179
0 152 137 169 206
0 100 156 120 226
1 223 100 276 161
0 481 206 500 280
0 388 167 408 243
0 296 164 328 252
0 273 187 301 278
0 271 133 296 211
0 243 141 267 216
1 224 100 279 167
0 210 115 229 182
0 184 128 202 191
0 173 134 194 203
0 172 166 198 268
0 151 115 167 176
0 41 366 108 511
0 38 366 98 511
0 478 206 502 282
0 434 282 473 386
0 407 213 435 283
0 296 164 335 219
0 386 153 407 212
0 373 123 401 171
0 329 132 362 191
0 245 130 269 187
0 220 137 244 208
0 205 113 221 167
0 220 104 232 157
1 227 101 277 155
1 157 113 220 219
0 124 125 140 192
0 136 118 148 164
0 108 120 124 174
1 116 202 241 481
1 288 203 450 388
0 477 206 502 283
0 431 235 468 325
0 433 284 481 407
0 387 133 407 182
1 217 126 306 196
1 225 99 275 150
0 182 151 206 238
0 122 157 142 233
0 100 121 132 171
0 150 105 164 155
1 135 86 164 132
0 92 141 114 223
0 46 320 100 502
0 215 292 262 468
0 313 197 355 303
0 362 232 408 348
0 480 201 501 279
1 421 282 511 376
1 392 349 511 511
0 268 149 295 226
0 314 123 345 176
0 214 128 237 183
0 241 152 267 231
0 147 152 165 234
0 128 179 147 261
0 115 133 134 201
0 142 128 158 181
0 166 113 180 175
0 144 105 159 145
1 177 160 259 293
1 215 119 296 183
1 224 99 273 142
0 38 342 96 511
0 119 183 144 273
0 139 119 156 188
0 187 84 200 125
0 200 93 214 140
1 223 100 280 160
0 298 176 331 260
0 363 256 418 382
0 377 397 448 511
0 453 259 498 374
0 480 207 500 283
0 387 162 405 241
0 353 125 380 177
0 110 155 132 231
0 190 171 235 264
0 126 119 140 184
0 203 132 225 200
0 219 123 253 189
0 257 130 282 192
0 226 108 249 160
0 199 103 217 153
1 222 100 278 155
0 138 110 151 169
0 167 105 179 135
0 150 105 164 145
0 178 105 193 146
0 177 82 190 117
1 145 125 205 209
0 276 160 306 240
0 296 185 328 285
0 346 169 377 253
0 336 119 365 174
1 372 124 398 175
0 480 206 502 283
0 458 260 504 357
1 421 341 511 511
1 119 204 239 476
0 436 295 486 412
0 456 286 507 392
0 432 242 470 336
0 480 206 501 278
0 400 151 420 201
0 336 206 374 297
0 291 164 324 232
0 270 162 294 239
0 236 126 256 192
1 220 99 278 160
0 213 111 231 166
0 194 128 226 192
0 146 147 169 234
0 482 204 500 280
0 316 124 344 179
0 256 135 280 207
0 290 191 321 286
0 307 243 348 373
0 328 234 366 351
0 360 308 422 447
0 321 375 390 509
0 275 417 342 511
0 423 300 466 471
1 398 254 511 413
0 43 319 94 502
0 92 137 116 221
0 171 155 194 244
0 166 127 181 189
0 242 147 265 225
0 225 123 244 185
0 197 125 217 192
0 181 94 197 147
0 162 92 177 138
1 93 94 157 149
1 99 86 150 117
0 210 92 224 140
0 196 106 208 155
1 224 99 279 153
0 481 203 502 283
0 377 146 438 219
0 363 403 429 511
0 288 155 318 236
0 246 135 265 204
0 216 110 231 165
0 177 106 194 160
0 207 181 236 283
0 142 169 166 281
0 100 165 123 242
1 226 97 278 156
1 142 83 179 135
0 278 132 313 188
0 250 128 271 192
0 234 127 254 193
0 220 114 240 173
0 210 137 232 219
0 237 174 262 283
0 283 261 335 425
0 387 185 431 258
0 434 216 472 340
0 478 206 502 283
1 225 100 278 160
0 147 132 165 207
0 156 98 168 147
0 131 113 159 169
0 209 135 232 209
0 222 114 240 172
1 175 91 218 153
1 224 102 276 157
0 394 144 410 207
0 270 127 300 184
0 283 177 322 272
1 271 128 385 210
0 224 215 264 342
0 192 226 228 374
0 366 399 446 511
0 427 305 487 426
1 422 278 511 430
0 48 317 100 501
1 96 86 122 130
0 478 199 501 282
0 41 351 103 511
0 296 374 367 511
0 312 299 369 467
0 465 339 511 473
1 474 270 511 379
0 479 206 501 283
0 377 155 396 228
0 342 199 377 297
0 372 123 399 174
0 256 280 306 442
0 197 283 242 462
0 216 198 251 319
0 214 162 248 258
0 228 149 249 236
0 251 155 279 240
0 274 155 305 230
0 277 133 304 190
0 255 128 276 179
0 236 135 256 196
0 244 125 260 183
0 210 125 231 195
0 174 119 192 189
1 185 108 232 169
1 222 100 278 154
0 160 99 178 157
0 125 91 136 142
0 209 91 221 117
0 135 99 148 152
0 143 107 159 165
0 116 155 138 231
0 151 162 176 258
0 482 206 503 290
0 155 112 172 170
0 135 91 148 145
0 125 84 135 119
0 156 166 184 235
0 184 164 214 262
0 196 110 211 167
0 210 103 232 160
0 257 147 303 219
0 322 164 352 231
1 295 129 370 194
0 426 237 459 334
1 298 219 439 386
0 306 291 365 458
0 289 361 350 511
1 226 103 281 155
0 225 202 261 298
0 230 265 277 416
1 118 203 238 477
0 39 339 96 511
0 192 265 235 455
0 367 360 439 511
0 467 347 511 484
0 438 268 476 384
0 478 207 502 284
0 371 174 398 260
0 355 123 382 174
0 294 166 326 256
1 315 255 462 423
0 196 195 227 311
0 258 143 281 215
0 248 119 274 181
0 174 140 197 224
0 142 135 164 222
0 117 155 138 227
1 180 126 252 207
0 212 108 228 145
0 223 103 236 148
1 227 98 279 160
0 150 114 166 169
0 132 108 145 165
0 143 91 157 141
0 166 86 180 134
0 159 72 171 117
0 197 93 211 137
0 184 97 202 140
0 182 73 196 112
0 42 366 97 511
1 132 82 186 145
0 168 107 193 163
0 200 108 216 170
0 249 150 271 233
0 225 129 244 187
0 211 99 227 146
0 249 127 272 177
1 215 104 278 155
0 353 150 364 221
0 371 126 402 173
0 478 209 502 283
0 413 265 465 376
0 349 204 391 302
0 452 386 511 509
1 117 205 240 484
0 479 200 502 278
0 293 126 325 187
0 285 167 317 240
0 241 135 265 203
0 305 292 356 465
0 240 180 269 292
0 231 157 255 235
0 211 123 231 201
1 188 145 222 238
1 222 99 278 162
0 178 105 194 166
0 152 140 172 217
0 141 125 163 189
0 130 180 160 281
0 129 300 170 468
0 101 156 121 233
0 41 368 101 511
0 480 201 501 286
0 378 295 439 421
0 333 220 381 324
0 337 204 380 285
0 367 187 395 281
0 372 126 400 174
0 274 179 312 273
0 273 150 309 229
0 287 147 323 220
0 224 142 252 216
0 241 130 267 199
0 256 115 284 179
0 240 123 260 169
0 222 122 244 168
0 212 120 228 179
1 192 106 202 180
0 192 106 209 169
0 169 112 192 174
0 123 115 142 177
1 221 100 277 164
1 117 202 243 472
0 46 341 100 504
0 90 147 109 215
0 374 155 405 213
0 480 207 501 283
0 437 322 498 462
0 391 336 467 471
0 402 283 469 395
0 380 232 423 345
1 393 255 510 405
0 363 192 386 285
0 324 256 382 381
1 286 129 371 198
1 248 174 345 282
0 249 236 301 383
0 188 181 217 292
0 177 138 197 214
0 149 147 172 209
0 142 119 161 191
0 121 125 138 179
0 110 177 132 228
1 118 201 238 477
0 251 132 288 194
0 218 118 240 178
0 172 101 190 149
0 233 111 256 167
1 219 99 280 155
0 316 126 345 177
0 271 145 293 216
0 270 185 302 286
0 329 248 376 375
0 278 292 337 468
1 401 258 511 409
0 388 268 441 382
0 393 328 463 450
0 395 363 469 510
0 48 325 97 498
0 160 194 194 304
0 94 145 110 219
1 92 93 157 147
1 97 83 154 118
0 148 143 161 217
0 172 134 192 204
0 236 139 255 209
0 229 111 244 177
1 225 100 279 160
0 204 136 226 204
0 203 119 216 164
0 183 93 196 146
0 161 105 172 157
0 172 93 182 145
0 193 103 205 155
0 481 199 501 280
1 379 145 436 215
0 244 138 286 214
0 269 128 290 195
0 234 120 252 171
0 205 100 221 150
0 198 91 216 135
0 126 152 152 233
0 100 157 123 241
1 152 111 199 181
1 349 282 511 511
1 223 95 277 152
0 43 331 95 500
0 357 426 426 511
0 421 352 494 492
0 382 273 444 386
1 401 251 511 413
0 481 206 502 285
0 450 169 476 218
0 438 153 463 196
0 397 139 424 187
0 199 108 216 160
0 146 121 165 195
0 131 153 154 206
0 112 167 132 224
0 171 137 193 220
0 178 120 194 174
0 197 174 227 297
0 206 157 232 244
0 218 120 234 182
0 224 110 238 163
0 235 163 278 251
0 237 135 256 201
0 241 125 266 188
1 222 99 276 161
1 117 206 239 479
0 258 230 302 369
0 285 177 309 261
0 283 159 306 235
0 481 206 503 282
0 306 330 371 511
0 205 131 217 212
0 144 128 159 201
0 130 112 142 167
0 113 105 126 156
0 172 169 196 259
0 188 162 218 257
0 176 134 195 192
0 172 113 184 172
0 192 100 205 156
0 202 91 213 133
0 217 108 234 159
1 224 102 274 150
1 215 144 295 226
1 299 131 376 192
0 279 139 299 185
0 328 166 359 235
0 312 178 349 267
0 279 183 315 283
0 243 216 291 344
0 213 246 259 382
1 416 342 511 507
1 119 199 242 472
0 478 202 502 285
0 390 214 424 317
0 388 170 408 231
0 362 159 387 230
0 450 142 470 190
0 263 158 291 249
0 307 273 364 424
0 332 378 399 511
0 170 240 204 376
0 141 113 171 169
0 172 105 188 166
0 184 105 196 157
0 204 113 219 173
1 220 98 278 160
0 479 201 502 284
0 414 268 460 374
0 271 153 303 241
0 202 103 222 157
0 198 128 218 200
0 184 130 202 204
0 167 105 182 157
0 154 129 170 204
0 142 170 168 257
0 118 164 140 233
1 205 185 305 337
1 225 98 277 161
0 458 318 510 428
0 476 202 500 277
0 431 236 471 334
0 409 142 428 193
0 284 149 304 221
0 257 199 298 304
0 263 175 287 252
0 253 152 275 218
0 244 116 272 175
1 224 98 278 161
1 194 120 255 194
1 137 110 182 186
0 328 150 351 229
0 337 184 372 264
0 346 215 390 320
0 478 201 502 287
0 430 240 472 342
0 295 209 340 320
0 273 179 312 268
0 276 135 302 204
0 258 159 291 234
0 248 145 284 202
0 226 155 256 243
0 208 133 235 204
1 226 96 275 157
0 185 172 209 273
0 165 137 186 211
0 148 175 170 271
0 120 155 141 222
0 142 127 158 189
0 184 106 200 158
0 266 369 335 511
0 480 202 500 285
0 431 242 469 334
0 450 278 497 397
0 423 302 481 425
0 385 140 410 193
0 285 162 318 251
0 249 132 272 192
0 313 126 346 179
0 226 120 242 179
0 214 106 239 155
1 229 96 279 158
0 186 137 202 214
0 203 218 232 342
0 158 165 180 258
0 107 166 128 245
0 152 125 168 184
0 166 110 180 167
0 476 202 503 285
0 425 298 478 422
0 333 187 368 289
0 386 167 410 238
0 256 157 283 235
0 251 222 291 348
0 184 200 220 324
0 156 231 192 388
0 229 139 252 204
0 200 125 222 188
0 169 145 190 221
0 148 195 169 280
1 224 98 272 158
0 266 132 284 182
0 148 125 164 182
0 126 137 143 210
0 109 105 125 155
0 284 131 320 184
0 318 124 348 174
0 370 187 397 277
0 446 147 463 189
0 480 206 503 280
0 364 369 443 511
0 234 278 291 455
0 48 321 95 497
0 92 147 113 216
0 186 91 199 141
0 216 111 237 174
0 209 132 232 200
1 221 101 278 156
0 478 206 498 284
0 396 276 449 392
0 401 150 427 219
0 356 140 382 189
0 258 147 281 230
0 225 189 253 293
0 251 307 302 487
1 224 100 276 160
0 196 136 217 209
0 199 88 212 141
0 175 78 185 122
0 130 128 148 196
0 139 115 156 177
0 177 116 194 179
0 174 132 191 194
0 186 105 202 167
0 232 150 257 221
0 209 113 232 177
0 318 124 347 177
0 256 131 276 196
1 222 103 277 159
0 478 204 502 280
0 333 194 362 291
0 278 159 304 233
0 305 204 342 303
0 272 214 306 339
0 228 192 265 298
0 192 152 218 237
1 134 171 208 303
0 94 137 113 200
0 110 126 127 194
0 46 320 92 460
0 344 256 394 357
0 409 273 460 374
0 398 288 452 411
1 422 272 511 425
0 340 329 408 505
0 477 201 501 280
0 387 167 407 244
0 323 124 354 178
0 314 294 374 479
0 370 312 428 481
0 205 256 247 412
0 40 362 108 512
0 176 159 196 243
0 176 125 194 192
0 111 134 127 190
1 221 101 277 159
0 478 204 501 283
0 328 199 367 284
0 321 128 356 187
0 217 128 237 193
0 205 192 233 285
0 161 239 191 384
0 146 135 166 210
0 135 113 151 174
1 222 100 276 161
0 482 201 502 282
1 398 250 511 406
0 204 262 250 423
0 250 241 298 387
0 284 164 318 251
0 48 317 94 503
0 91 144 113 219
0 107 128 129 203
0 151 145 175 236
0 183 144 206 234
0 224 122 244 190
0 240 114 275 173
0 201 106 219 163
0 182 103 197 155
0 162 115 177 169
0 159 93 172 144
1 96 85 147 129
1 220 100 280 157
0 192 98 205 145
0 178 95 188 147
0 314 121 348 178
0 359 149 374 216
0 478 206 501 288
0 445 279 485 405
0 431 236 470 341
0 374 258 426 386
0 292 209 333 349
0 227 226 266 362
0 210 161 238 256
0 196 130 214 200
0 175 105 188 162
0 159 123 178 198
1 223 99 277 160
0 202 199 239 325
0 44 341 102 501
0 88 142 110 220
0 110 162 141 238
0 127 126 145 185
0 152 102 168 153
0 166 151 195 238
0 168 80 177 125
1 193 116 276 174
1 221 100 276 146
1 238 164 324 258
0 243 187 283 289
0 334 187 355 273
0 443 148 465 194
0 481 208 503 282
0 435 296 481 442
0 374 205 395 312
0 363 228 394 342
0 333 246 377 369
0 368 270 433 391
0 358 307 431 453
0 315 353 382 511
1 400 258 511 420
1 116 204 241 475
0 342 214 383 317
0 361 306 427 450
0 411 308 474 435
0 479 205 500 281
0 384 147 411 201
0 244 133 269 207
0 202 106 216 157
0 188 98 206 138
1 224 99 276 162
0 167 145 186 222
0 160 102 170 148
0 129 304 172 470
0 58 401 113 510
0 91 127 127 203
0 56 273 94 421
0 481 209 502 288
0 429 237 471 342
0 451 324 504 489
0 362 212 409 304
0 343 136 365 204
0 233 134 253 212
0 233 238 274 384
0 211 103 226 159
1 224 97 276 160
0 156 155 178 240
0 103 171 127 245
0 386 127 404 175
0 244 132 268 198
0 255 179 287 285
1 330 163 376 276
0 481 204 501 283
1 224 96 276 161
0 210 100 224 152
0 178 135 197 210
0 182 117 198 169
0 122 158 143 233
0 235 273 280 429
0 354 349 418 511
0 480 206 501 287
0 324 157 353 231
0 372 379 443 511
0 254 258 304 407
0 226 131 250 201
0 211 115 229 171
1 220 98 274 160
0 187 93 200 144
0 154 94 168 145
0 121 162 139 238
0 104 123 135 179
0 480 207 502 285
0 429 244 480 344
0 404 313 464 452
0 377 248 428 361
0 222 157 248 241
0 227 207 256 319
0 231 285 282 479
0 134 134 148 196
0 146 107 159 158
0 189 100 206 153
1 225 103 279 162
0 482 203 500 286
0 331 221 380 335
1 376 145 438 211
0 292 155 328 235
0 217 125 246 195
0 248 142 270 226
0 232 164 262 249
0 237 190 269 306
0 234 319 293 511
0 177 194 212 304
0 98 167 124 242
0 111 129 128 189
0 171 107 188 169
1 224 103 277 157
0 38 350 106 510
0 115 157 139 228
0 117 125 133 167
0 129 110 141 164
0 128 98 140 139
0 116 94 130 137
0 143 132 164 196
0 156 157 182 243
0 173 91 187 137
1 145 100 187 165
2 196 101 310 188
0 137 86 146 134
0 220 204 256 324
0 257 262 304 426
0 322 168 350 242
1 244 181 354 294
0 369 121 398 172
1 366 152 396 228
0 480 206 502 285
0 366 202 407 289
0 384 238 435 349
0 354 246 398 370
0 339 265 386 398
0 316 290 376 438
0 331 403 412 512
0 399 317 462 458
0 479 347 511 443
1 146 302 343 511
0 480 204 500 282
0 432 243 464 322
0 454 273 498 376
0 432 283 482 379
0 360 212 400 320
0 315 211 350 318
0 312 340 378 511
1 244 154 323 258
0 231 271 274 431
0 212 187 250 301
1 124 332 190 511
0 216 110 237 167
0 244 123 275 170
1 222 101 280 162
0 195 97 211 150
1 140 95 183 176
0 122 103 135 156
0 114 154 131 218
0 481 206 500 281
1 292 137 454 359
0 270 224 310 347
0 248 312 295 464
0 214 152 237 232
1 225 100 278 160
0 160 116 188 184
0 182 113 201 172
1 122 203 230 396
0 44 364 106 511
0 48 315 95 497
1 118 204 240 477
0 105 157 126 238
0 136 169 155 217
0 127 113 139 168
0 148 110 165 170
0 182 171 212 277
0 163 100 174 157
0 180 110 198 179
0 202 112 219 155
0 201 130 224 210
0 226 116 250 179
1 224 99 278 157
0 243 179 280 301
0 282 162 316 239
0 286 122 321 178
0 337 120 366 177
0 360 136 386 194
0 375 128 402 171
0 320 201 361 302
0 267 289 316 450
0 292 265 341 420
0 368 295 427 460
0 354 378 416 512
0 480 205 502 285
0 430 232 472 342
0 478 204 499 285
0 346 204 380 295
0 287 164 318 246
0 280 245 322 391
0 264 327 336 511
1 223 100 280 162
0 177 136 196 198
0 186 162 214 258
0 219 194 255 307
0 147 116 162 179
0 125 140 143 215
0 39 349 103 511
0 242 245 286 398
0 404 309 460 443
0 427 268 478 381
0 480 206 502 284
0 382 189 415 285
0 441 137 464 186
0 369 122 401 177
0 340 179 366 244
0 302 149 325 202
0 279 130 307 199
1 256 194 377 322
0 139 137 164 207
0 116 156 137 221
0 128 118 147 184
0 116 108 131 162
0 108 101 121 150
0 175 85 188 112
0 188 78 201 105
0 181 69 191 103
1 232 96 278 157
2 169 100 270 199
1 139 93 175 148
1 118 204 240 482
0 48 334 94 450
0 212 204 259 333
0 206 147 230 231
0 221 125 238 191
0 200 123 217 194
0 260 166 289 256
0 250 145 277 217
0 204 103 222 153
1 222 100 277 156
0 174 132 192 209
0 170 120 188 177
0 146 137 168 209
0 141 118 159 177
0 132 108 148 167
0 111 161 134 228
0 88 144 109 219
0 298 197 340 297
0 481 206 501 283
1 301 174 408 288
1 118 203 240 477
0 447 163 472 217
0 441 150 461 201
0 38 360 99 511
0 118 115 136 175
0 163 157 186 237
0 182 140 208 230
0 198 112 218 177
0 209 106 226 159
0 232 125 255 192
0 258 146 289 227
0 302 164 332 221
0 309 188 353 273
0 373 231 419 311
0 378 260 430 386
0 319 233 368 360
0 288 256 342 420
0 340 405 418 511
0 481 205 500 292
0 370 123 402 174
1 221 103 280 149
1 158 64 187 117
0 176 88 186 137
1 118 201 240 477
0 252 194 291 311
0 480 205 501 283
0 396 139 417 192
0 206 95 219 140
0 188 91 203 136
0 169 93 180 140
0 154 97 167 151
0 165 160 188 253
0 136 144 156 221
0 119 158 140 233
0 200 403 253 512
1 262 210 431 511
1 165 125 226 207
1 222 100 278 162
0 481 209 502 282
0 420 225 463 332
0 371 221 412 315
1 378 144 435 214
0 306 131 338 198
0 292 153 312 228
0 292 187 324 282
0 260 162 296 236
0 276 105 292 162
1 223 97 276 156
0 229 129 247 182
1 169 110 229 206
0 134 172 151 249
0 102 164 126 241
0 372 187 391 265
0 430 243 473 338
0 478 205 501 286
0 338 265 396 403
0 242 161 272 250
0 220 115 254 172
1 223 100 277 162
0 189 102 206 155
0 174 106 188 157
0 150 113 165 167
0 153 155 172 231
0 137 111 150 163
0 117 107 130 166
0 480 202 502 288
0 431 234 474 350
0 292 228 334 336
0 286 272 339 432
0 169 236 202 387
0 182 135 202 222
0 220 120 241 182
1 222 96 277 157
0 158 140 175 216
0 136 120 151 176
0 91 140 119 196
0 38 352 99 511
0 146 186 174 313
0 192 172 224 286
0 116 154 137 228
0 145 144 167 206
0 131 116 149 185
0 176 148 195 236
0 164 124 181 196
0 168 100 185 152
0 211 150 235 242
0 238 154 264 243
1 243 289 423 511
0 449 314 507 440
1 429 226 486 352
0 481 202 502 285
0 372 200 403 310
0 326 198 359 294
0 276 201 312 302
0 296 188 324 294
0 310 157 337 234
0 260 159 289 240
0 284 152 304 222
0 282 137 304 194
0 269 123 296 178
1 199 126 263 196
0 202 86 215 128
1 223 100 278 155
0 371 122 398 176
0 482 204 499 283
0 380 393 446 511
0 116 296 172 481
0 102 152 121 231
0 195 174 218 270
0 190 98 207 147
0 156 92 168 135
0 308 125 343 181
0 389 131 411 182
1 222 100 275 158
0 483 205 503 291
0 465 295 512 420
0 382 274 439 393
0 367 342 430 511
0 242 187 279 296
0 251 135 277 211
1 223 100 273 160
0 190 94 210 145
0 183 131 203 191
0 192 166 217 246
0 202 226 244 347
0 153 186 181 282
0 124 266 166 421
0 58 393 111 511
0 97 164 125 235
0 141 108 154 159
1 373 140 433 208
1 96 123 143 197
1 148 123 203 205
0 211 113 230 169
0 192 119 206 169
0 234 120 256 172
0 240 146 261 226
0 256 142 279 208
0 396 225 424 338
0 369 201 390 275
0 256 190 284 302
0 322 125 346 176
0 481 206 502 278
1 224 103 276 147
1 294 201 398 334
0 420 297 484 422
0 363 293 418 430
1 423 279 511 426
0 47 320 97 446
0 481 201 503 285
0 431 238 470 352
0 370 155 389 230
0 322 225 369 342
0 357 359 428 511
0 284 236 336 385
0 245 311 299 509
0 186 185 218 282
0 201 107 218 169
0 184 99 198 147
0 212 103 227 148
0 258 148 281 225
0 260 137 292 206
1 227 95 278 162
0 403 290 461 420
0 481 201 502 284
1 375 150 432 219
0 337 200 370 292
0 306 194 339 292
0 280 164 311 232
0 258 161 283 235
0 228 118 248 183
1 225 99 279 161
0 128 372 184 511
0 42 356 124 511
0 162 113 178 172
0 202 190 235 300
0 101 162 126 241
0 482 206 501 285
0 320 265 369 408
0 263 133 283 198
0 238 122 262 179
0 214 118 234 181
1 219 102 279 164
0 188 105 206 161
0 162 135 183 217
0 146 185 172 291
0 131 300 168 468
1 378 142 435 213
0 480 204 501 286
0 335 201 376 300
0 252 189 290 313
0 198 219 238 352
0 284 413 354 512
0 198 100 218 150
1 222 100 279 155
0 152 140 175 217
0 138 104 154 167
0 122 98 137 152
0 125 150 146 235
0 101 160 124 238
0 476 199 501 285
1 374 142 438 221
0 300 178 331 260
0 252 152 280 236
0 227 125 249 190
0 221 118 245 162
1 220 101 278 164
0 204 204 237 331
0 175 135 195 208
0 170 112 182 163
0 188 89 198 137
0 158 100 175 148
0 129 350 176 512
0 62 354 110 511
0 99 167 122 241
0 116 108 130 157
